%%MatrixMarket matrix coordinate pattern symmetric
2239 2239 6432
2 1
4 3
5 1
6 5
7 1
8 6
9 8
10 2
11 8
11 10
13 12
15 14
17 16
19 18
20 1
20 2
20 7
21 16
22 1
22 10
22 20
23 10
25 10
25 24
26 10
28 27
29 2
29 11
29 22
29 23
29 26
30 13
31 28
32 16
33 2
33 6
33 7
33 9
33 11
33 14
33 28
34 33
36 35
37 10
37 29
38 2
38 7
38 10
38 22
38 23
38 25
38 29
39 27
39 31
39 33
41 40
42 10
42 29
43 27
43 31
43 33
44 33
45 44
46 14
47 46
48 27
48 28
48 31
48 33
48 39
48 43
49 8
49 10
49 20
49 24
49 33
49 38
50 9
50 17
50 22
51 26
51 31
51 44
51 48
52 5
52 33
52 51
54 53
55 10
55 29
56 27
56 28
56 39
56 43
56 48
57 49
57 52
58 57
59 16
61 60
62 27
62 31
62 33
62 48
62 56
63 46
64 3
64 63
66 8
66 35
66 65
68 24
68 67
70 69
71 23
72 14
72 38
72 71
73 2
73 6
73 9
73 28
73 31
73 41
73 48
73 52
73 64
73 66
74 33
74 73
75 49
75 58
76 3
76 38
76 75
77 14
77 58
78 58
78 64
78 76
78 77
79 27
79 31
79 48
79 56
80 11
80 26
80 42
80 53
80 55
81 38
82 27
82 31
82 48
82 56
83 53
84 14
85 33
85 73
85 84
87 86
89 88
90 2
90 7
90 9
90 17
90 22
90 64
90 76
92 18
92 64
92 73
92 76
92 91
93 73
94 93
95 9
95 17
95 22
95 62
95 64
95 76
96 33
96 84
96 90
96 95
97 33
97 44
98 14
99 10
99 29
99 80
100 85
101 2
101 7
101 22
101 76
102 27
102 31
102 48
102 56
103 6
105 73
105 104
106 27
107 10
107 24
107 33
107 51
107 67
107 71
108 38
108 90
109 10
109 29
110 1
110 10
110 38
110 49
110 78
111 110
112 10
113 75
114 10
114 29
114 80
115 10
115 29
115 80
116 16
117 14
118 78
118 90
118 92
118 95
118 117
119 24
119 58
120 50
120 95
120 119
121 10
121 38
122 8
122 14
122 24
122 33
122 51
122 67
122 68
123 33
123 44
123 73
123 97
124 2
124 8
124 11
124 31
124 73
124 93
124 94
124 105
125 73
125 94
125 95
125 124
126 8
126 90
127 73
127 93
128 73
128 127
129 8
129 9
129 14
129 28
129 31
129 43
129 45
129 48
129 62
129 66
129 102
129 105
129 107
129 122
129 123
130 33
130 73
130 117
130 124
130 129
131 1
131 38
132 45
133 132
134 11
134 26
134 38
134 49
134 109
135 8
135 101
136 14
136 117
137 9
137 14
137 17
137 28
137 47
137 96
138 137
139 14
139 122
140 27
141 10
141 29
141 80
141 134
142 69
144 10
144 33
144 143
145 27
145 28
145 31
145 33
145 43
145 48
145 56
145 79
145 82
145 98
145 102
146 73
146 90
146 95
147 1
147 38
147 78
147 101
147 119
147 146
148 19
148 70
149 10
149 29
149 80
149 134
150 5
150 51
150 52
150 117
150 132
151 9
151 28
151 62
151 76
152 8
152 151
153 46
153 63
153 148
154 153
155 33
155 135
156 155
157 27
157 31
157 48
157 56
157 145
158 18
159 2
159 6
159 7
159 11
159 14
159 22
159 43
159 45
159 48
159 58
159 66
159 74
159 96
159 107
159 119
159 145
159 157
160 159
161 10
161 29
161 80
161 134
162 38
162 145
163 1
163 5
163 84
163 110
163 124
163 125
163 162
164 33
164 51
164 73
164 104
164 124
164 129
164 159
165 33
165 73
165 84
165 117
165 129
165 151
166 1
166 20
166 38
166 90
166 101
167 73
167 127
168 8
168 44
168 66
168 73
168 107
168 117
168 122
168 159
168 164
169 159
169 168
170 129
170 151
171 5
172 6
172 7
172 9
172 43
172 45
172 135
172 138
172 163
173 172
174 38
174 76
175 62
175 92
176 129
176 175
177 10
177 38
177 80
178 124
179 174
180 14
180 122
182 90
182 181
183 10
183 80
184 87
185 24
185 38
186 184
187 10
187 38
188 110
189 8
189 90
189 95
190 8
190 50
190 132
192 191
193 10
193 29
193 95
194 33
194 67
194 124
195 60
195 124
197 10
197 196
198 107
198 144
198 168
198 182
198 197
199 24
199 33
199 67
199 73
199 129
199 159
199 198
200 10
200 80
200 137
201 17
201 49
201 62
201 64
201 76
201 96
202 50
202 78
202 90
202 95
202 201
203 62
203 96
203 135
203 189
203 190
203 202
204 63
204 95
204 201
204 203
205 11
205 14
205 39
205 135
205 190
205 192
205 194
206 44
207 10
207 143
208 29
208 38
209 10
209 29
209 80
209 113
209 134
210 6
210 52
210 171
211 33
211 84
211 110
211 124
211 153
211 159
211 198
211 205
212 33
213 6
213 7
213 9
213 20
213 96
213 98
213 125
213 190
214 33
214 151
215 51
216 215
217 124
218 33
218 34
218 124
218 217
219 27
219 31
219 33
219 48
219 56
219 145
220 16
220 56
220 66
221 175
222 174
223 8
223 50
223 53
223 78
223 90
223 95
223 137
223 201
223 213
225 95
225 224
226 5
226 33
226 51
226 52
226 159
226 205
227 2
227 6
227 9
227 10
227 105
227 130
227 145
228 227
229 10
229 38
230 218
231 48
231 95
231 201
231 203
233 10
233 134
233 232
234 90
235 165
235 213
236 124
236 235
237 10
237 29
237 80
237 134
238 91
239 9
239 17
239 96
239 113
239 135
239 153
239 197
239 223
240 239
241 10
241 29
242 8
242 129
242 136
243 94
244 243
245 33
245 51
245 73
245 127
245 155
245 168
245 184
245 205
246 43
246 85
247 78
247 90
249 248
250 24
250 51
250 159
250 198
251 10
252 38
252 53
252 75
252 90
252 95
252 159
252 201
253 73
253 90
254 9
254 43
254 52
254 74
254 105
254 125
254 130
254 165
255 33
255 73
255 124
255 129
255 254
256 53
256 83
257 155
258 94
259 8
259 50
259 132
259 213
260 8
260 33
260 50
260 90
260 95
260 137
260 213
261 10
261 29
261 80
261 134
262 66
262 107
262 224
263 262
264 36
265 33
265 57
265 73
265 254
266 10
266 29
266 80
267 33
267 64
267 73
267 87
267 103
267 130
267 135
267 146
267 227
267 245
267 247
267 252
267 254
268 33
268 50
268 90
268 95
268 103
268 124
268 137
268 151
268 175
268 203
268 213
269 147
269 208
269 232
269 233
270 215
271 51
271 52
271 73
271 129
272 224
274 273
275 38
276 232
276 269
277 90
279 278
280 155
282 33
282 51
282 281
283 73
283 127
284 9
284 17
284 22
284 64
284 96
284 120
284 135
284 166
284 190
284 203
284 223
284 247
284 259
284 260
284 268
285 10
285 29
285 80
285 134
286 5
286 33
286 51
286 52
286 73
286 129
287 8
287 51
287 52
287 57
287 84
287 159
287 168
287 217
288 191
290 289
292 291
293 8
293 33
293 75
293 124
293 159
293 205
293 254
294 73
294 107
295 33
295 75
295 78
295 110
295 113
295 129
295 146
295 198
295 294
296 50
296 95
296 103
296 124
296 151
296 194
296 227
297 10
297 29
297 51
298 8
298 33
298 51
298 168
298 172
299 5
299 51
299 52
299 73
299 129
299 159
300 38
301 51
301 129
301 175
302 85
303 23
303 37
303 301
304 16
304 103
304 129
304 137
304 227
304 284
305 304
306 40
306 151
307 198
307 232
307 269
309 308
310 309
311 57
311 78
311 119
311 132
311 201
312 7
312 50
312 64
312 76
312 96
312 118
312 135
312 144
312 190
312 202
312 223
312 260
312 267
312 296
313 10
313 29
313 80
313 134
314 295
315 129
315 314
316 33
316 67
316 71
316 73
316 113
316 124
316 129
316 181
316 198
316 294
316 310
317 311
318 317
319 160
319 267
319 281
320 319
322 321
323 8
323 33
323 75
323 124
323 129
323 168
323 239
323 254
324 321
326 325
327 96
328 95
328 224
329 27
329 31
329 33
329 48
329 73
329 159
330 217
330 218
331 95
331 224
333 332
334 8
334 50
334 73
334 95
334 129
334 132
334 168
334 213
334 239
335 219
336 335
337 6
337 31
337 163
337 316
338 337
339 33
339 73
339 124
339 289
339 290
339 296
340 339
342 103
342 175
342 197
342 198
342 239
342 341
343 10
343 342
344 197
344 267
345 172
346 41
346 92
347 73
347 127
348 151
348 170
348 204
349 27
349 31
349 33
349 48
349 56
349 145
349 335
350 8
350 33
350 73
350 124
350 129
350 337
351 350
352 18
352 103
353 10
353 57
353 196
353 198
353 239
353 303
353 342
353 344
353 352
354 110
355 6
355 7
355 9
355 14
355 28
355 31
355 39
355 41
355 45
355 48
355 66
355 82
355 96
355 97
355 102
355 105
355 122
355 123
355 130
355 135
355 145
355 164
355 165
355 176
355 194
355 199
355 211
355 226
355 245
355 255
355 267
355 271
355 287
355 298
355 301
355 313
355 316
355 323
355 329
355 339
355 349
356 8
356 50
356 90
356 95
356 151
356 172
356 205
356 239
356 267
356 308
356 312
356 355
357 339
358 232
358 269
359 9
359 48
359 73
359 124
359 130
359 178
359 260
359 268
359 271
359 293
360 3
360 12
360 50
360 73
360 90
360 95
360 103
360 124
360 129
360 137
360 159
360 172
360 201
360 239
360 355
361 90
361 137
361 312
362 174
362 203
362 284
362 334
364 290
364 363
365 10
365 80
366 33
366 51
366 57
366 84
366 92
366 113
366 137
366 159
366 355
367 153
368 90
369 8
369 53
369 73
369 90
369 95
369 129
369 151
369 312
369 337
369 355
369 359
370 10
370 29
371 33
371 90
371 110
371 294
371 355
372 215
373 304
374 217
374 218
375 14
375 122
376 86
376 119
376 184
376 267
377 97
378 70
378 153
379 33
379 124
379 355
380 379
382 381
383 73
383 239
383 314
384 383
385 378
386 3
386 10
386 29
386 80
387 33
387 38
387 51
387 75
387 95
387 129
387 159
387 205
387 355
388 38
389 57
389 102
389 107
389 163
389 323
390 314
390 355
391 10
391 57
391 113
391 201
392 220
392 319
393 339
394 16
395 56
395 342
396 38
396 174
397 50
397 78
397 90
397 95
397 151
397 201
397 239
397 284
398 76
398 168
399 398
400 16
400 33
400 48
400 51
400 71
400 73
400 148
400 181
400 198
400 227
400 294
400 355
401 85
403 402
404 92
405 196
405 239
405 352
406 239
407 127
408 10
408 29
408 80
408 134
409 318
410 409
412 411
413 27
413 31
413 33
413 48
413 56
413 129
414 95
414 224
415 346
416 33
416 46
416 51
416 129
416 205
417 1
417 5
417 84
417 125
417 162
418 262
419 33
419 73
419 124
419 129
419 132
419 355
420 5
420 33
420 51
420 73
420 104
420 129
420 227
420 389
421 10
421 80
422 33
422 73
422 124
422 314
422 355
423 51
423 175
424 5
424 90
424 95
424 201
424 312
425 10
425 29
425 38
425 198
426 33
426 73
426 113
426 124
426 129
426 355
427 14
427 129
427 150
427 220
428 181
429 318
429 374
430 175
431 53
431 203
432 3
432 8
432 50
432 53
432 78
432 90
432 95
432 137
432 159
432 201
432 203
432 267
432 284
432 312
433 38
433 51
433 71
434 10
434 38
434 134
434 174
435 33
435 51
435 73
435 92
435 124
435 129
435 175
435 227
435 389
436 8
436 51
436 52
436 73
436 84
436 129
436 168
436 198
436 254
436 337
436 355
436 359
437 38
437 110
438 10
438 29
439 33
439 50
439 73
439 95
439 127
439 129
439 239
439 254
439 284
440 93
440 94
440 125
440 129
440 227
440 243
441 5
441 10
441 33
441 110
441 129
441 159
441 296
441 304
441 355
442 51
442 199
442 250
442 282
442 316
442 356
442 360
442 400
442 419
442 422
442 426
442 441
443 442
444 73
444 143
445 33
445 103
445 132
446 132
447 218
447 374
448 304
448 369
448 374
448 429
448 447
449 33
449 51
449 73
449 124
449 129
449 204
449 205
449 223
449 334
449 335
449 337
449 355
449 389
450 401
450 449
451 10
451 29
451 80
452 129
452 232
452 269
453 12
455 355
455 454
456 264
457 362
458 51
458 355
459 33
459 73
459 159
459 227
459 337
460 10
461 125
461 197
461 321
461 353
462 218
463 260
463 267
464 5
464 51
464 52
464 124
464 159
464 168
464 355
465 5
465 210
466 10
466 38
466 80
467 8
467 129
467 199
467 207
467 258
467 316
467 421
468 51
468 73
468 129
468 337
468 355
468 442
469 66
470 220
470 227
470 239
470 355
471 227
471 470
472 33
472 124
472 129
472 212
473 10
473 29
473 47
473 190
473 223
473 287
473 298
473 334
473 432
474 85
475 474
476 8
476 77
476 168
476 473
477 168
477 208
477 290
477 433
478 10
478 38
479 269
480 5
480 113
480 210
480 270
480 337
480 355
481 73
481 127
482 191
483 8
483 95
484 33
484 51
484 98
484 117
484 124
484 129
484 321
484 442
485 1
486 8
486 50
486 78
486 84
486 95
486 103
486 124
486 136
486 168
486 201
486 213
486 281
486 284
486 312
487 33
487 124
487 129
487 212
487 227
487 232
487 355
488 487
489 3
489 50
489 95
489 267
489 284
489 308
490 314
490 337
490 355
490 408
491 24
491 67
491 90
491 151
491 198
491 284
492 294
493 469
494 350
495 9
495 11
495 25
495 43
495 102
495 105
495 126
495 130
495 260
495 293
495 323
495 439
495 459
496 269
497 48
497 163
497 164
497 194
497 353
497 417
498 181
498 198
499 3
499 8
499 33
499 50
499 78
499 90
499 95
499 103
499 137
499 201
499 203
499 213
499 312
500 17
500 48
500 105
500 107
500 130
500 165
500 185
500 188
500 246
500 271
500 366
500 400
500 436
500 441
500 456
501 33
501 73
501 127
501 129
501 155
501 168
501 254
501 355
501 359
502 8
502 33
502 50
502 71
502 95
502 117
502 129
502 203
502 284
502 312
502 362
502 495
502 500
503 7
503 25
503 49
503 76
503 218
503 448
504 224
504 272
505 31
505 39
505 62
505 125
505 150
505 157
505 164
505 168
505 199
505 219
505 226
505 282
505 320
505 350
505 371
505 376
505 387
505 400
505 416
505 420
505 422
505 426
505 433
505 436
505 437
505 484
505 501
506 33
506 73
506 129
506 505
507 33
507 51
507 71
507 124
507 205
507 294
507 442
507 505
508 95
508 201
508 284
508 312
509 232
510 67
511 67
511 510
512 5
512 33
512 50
512 75
512 78
512 95
512 110
512 113
512 129
512 159
512 203
512 246
512 304
512 355
512 473
512 497
512 500
513 33
513 73
513 124
513 129
513 159
513 168
513 227
513 335
513 355
513 359
513 389
514 8
514 27
514 31
514 48
514 73
515 33
515 51
515 67
515 71
515 129
515 181
515 198
515 337
515 442
515 467
517 516
518 119
518 159
519 172
520 155
521 119
521 500
522 10
522 103
523 33
523 470
524 314
524 383
525 162
525 335
525 355
525 500
526 88
526 235
526 262
526 278
526 296
526 525
527 51
527 103
527 124
527 129
527 132
527 227
527 246
527 355
527 442
528 73
528 235
528 317
529 124
530 10
530 29
530 303
531 5
531 50
531 95
531 213
532 50
532 73
532 95
532 129
532 213
532 284
533 486
534 33
534 48
534 90
534 95
534 103
534 175
534 191
534 201
534 203
534 227
534 284
534 312
534 533
535 118
535 172
535 247
536 535
537 77
537 78
538 2
538 48
538 96
538 120
538 184
538 223
538 253
538 296
538 361
538 432
538 486
539 73
539 90
539 92
539 103
539 129
539 137
539 151
539 538
540 14
540 33
540 51
540 71
540 103
540 151
540 181
540 198
540 355
540 442
540 467
540 505
540 533
541 16
541 33
541 51
541 67
541 71
541 117
541 134
541 159
541 181
541 198
541 264
541 294
541 442
542 227
542 442
542 467
542 505
543 191
544 38
546 95
546 132
546 137
546 201
546 203
546 239
546 312
546 463
546 538
546 545
547 477
549 548
550 50
550 78
550 90
550 129
550 201
550 267
550 355
551 8
551 50
551 90
551 124
551 213
551 325
551 362
551 510
551 538
552 118
552 122
552 204
552 360
552 499
552 546
553 153
554 553
555 92
555 151
555 155
555 312
556 217
556 318
557 10
557 145
557 330
557 443
557 450
558 290
559 67
559 90
559 127
559 155
559 215
559 255
559 376
559 427
559 505
560 12
560 33
560 73
560 117
560 124
560 129
560 159
560 172
560 355
560 442
560 500
562 561
563 10
563 344
563 461
564 33
564 50
564 73
564 124
564 129
564 159
564 227
564 355
564 442
564 495
564 505
565 73
565 359
566 73
566 129
566 168
566 227
566 239
566 355
566 359
566 500
567 8
567 110
567 172
567 355
568 146
568 363
569 44
569 97
570 232
570 269
571 50
571 201
571 239
571 284
572 50
572 98
572 119
572 129
572 201
572 203
572 284
573 2
573 17
573 36
573 63
573 64
573 111
573 146
573 223
573 252
573 268
573 369
573 402
573 424
573 431
573 432
573 491
573 499
573 531
573 551
573 555
574 3
574 5
574 95
574 137
574 151
574 284
574 573
575 75
575 113
576 51
576 124
576 198
576 355
576 442
577 197
577 353
578 484
579 227
579 578
580 8
580 33
580 73
580 124
580 355
580 374
580 401
580 495
580 500
581 198
581 294
582 3
583 78
583 88
583 262
583 582
585 584
586 95
586 132
586 137
586 201
586 203
586 239
586 463
587 51
587 227
587 246
587 337
587 355
587 495
587 497
588 10
588 29
588 80
589 80
589 155
589 262
590 29
590 33
590 134
590 269
590 296
590 337
591 10
591 22
591 29
591 73
591 80
591 132
591 134
591 303
592 14
592 304
593 198
593 239
593 342
593 352
593 497
594 58
594 77
594 78
595 10
595 50
595 67
595 71
595 73
595 80
595 103
595 159
595 181
595 198
595 355
595 442
595 467
596 33
596 51
596 78
596 84
596 124
596 129
596 159
596 212
596 227
596 335
596 355
596 389
596 398
596 442
596 495
597 38
598 353
598 525
599 10
600 33
600 51
600 73
600 124
600 129
600 172
600 495
600 505
601 75
601 90
601 332
602 33
602 51
602 129
602 159
602 355
602 505
602 538
603 48
603 63
603 95
603 145
603 355
604 46
604 203
605 8
605 73
605 129
605 151
605 296
605 355
605 359
605 495
605 505
606 119
606 124
607 143
607 159
607 184
608 346
609 584
611 610
612 553
613 79
613 311
614 582
615 614
616 53
617 8
617 50
617 95
618 71
618 103
618 148
618 427
619 218
619 230
619 330
620 440
621 3
621 73
621 78
621 90
621 129
621 151
621 159
621 201
621 239
621 254
621 355
621 495
622 48
622 78
622 90
622 137
622 151
622 239
622 284
622 312
622 538
623 10
623 58
623 80
623 240
623 618
624 71
624 391
624 623
625 573
626 50
627 278
628 33
628 51
628 71
628 73
628 103
628 113
628 117
628 129
628 162
628 198
628 239
628 312
628 442
629 33
629 56
629 57
629 71
629 124
629 181
629 198
629 205
629 442
629 461
629 497
629 505
630 124
630 147
630 205
630 278
630 294
631 51
631 124
631 227
631 312
631 355
631 374
631 442
631 503
632 8
632 84
632 129
632 198
632 227
632 254
632 294
632 314
632 355
632 442
632 495
633 8
633 33
633 73
633 124
633 129
633 159
633 355
633 497
634 8
635 25
635 287
635 309
635 525
635 586
636 10
636 57
636 198
636 342
636 352
636 461
636 497
636 577
637 151
637 246
637 296
637 398
638 33
638 51
638 71
638 117
638 124
638 168
638 181
638 198
638 205
638 294
638 296
638 389
638 442
639 1
639 24
639 51
639 75
639 77
639 78
639 110
639 127
639 159
639 267
639 314
639 497
640 57
640 110
640 127
640 294
640 314
641 269
642 63
642 84
642 95
642 129
642 201
642 203
642 552
643 1
643 5
643 110
643 113
643 125
643 162
643 194
643 269
644 50
644 86
644 129
644 137
644 148
645 137
646 473
647 57
647 65
647 94
647 151
647 159
647 203
647 218
647 523
648 10
648 29
649 10
649 29
649 80
650 184
651 147
652 147
652 457
652 618
652 651
653 8
653 33
653 50
653 73
653 124
653 129
653 172
653 201
653 227
653 267
653 312
653 325
653 335
653 355
653 500
654 278
655 10
655 80
655 84
655 95
655 151
655 203
655 205
655 401
655 427
656 350
656 355
657 584
658 56
659 287
660 1
660 5
660 503
660 659
661 38
662 80
662 97
662 117
663 137
663 201
663 264
663 463
663 510
664 129
664 184
665 51
665 73
665 129
665 335
665 505
666 477
667 33
667 110
667 127
667 129
667 159
667 294
668 578
669 80
670 332
671 75
671 201
672 44
672 97
673 103
674 33
674 78
674 84
674 98
674 124
674 129
674 151
674 168
674 212
674 227
674 312
674 462
674 538
674 573
675 181
676 33
676 51
676 124
676 129
676 495
677 5
677 33
677 51
677 73
677 117
677 129
677 168
678 33
678 51
678 205
678 246
678 355
679 11
679 33
679 50
679 73
679 129
679 168
679 172
679 323
679 355
679 538
679 623
679 654
679 677
680 53
681 235
682 33
682 38
682 129
682 337
683 151
683 162
684 67
684 71
684 168
684 181
684 294
685 591
686 147
687 174
687 181
688 8
688 33
688 73
688 129
688 172
688 254
688 355
688 500
689 124
690 29
692 8
692 12
692 35
692 95
692 124
692 235
692 267
692 278
692 346
692 500
692 691
693 33
693 51
693 71
693 103
693 124
693 129
693 159
693 181
693 198
693 212
693 312
693 355
694 33
694 129
694 159
694 355
694 383
695 20
695 33
695 38
695 57
695 73
695 113
695 129
695 503
697 51
697 69
697 124
697 129
697 184
697 254
697 294
697 312
697 355
697 363
697 440
697 696
698 363
698 568
699 53
699 310
700 191
700 205
701 33
701 78
701 84
701 124
701 129
701 212
701 227
701 335
701 355
701 389
701 495
702 246
702 267
702 591
703 57
703 60
703 294
703 314
704 119
705 5
706 8
706 73
706 117
706 129
706 168
706 254
706 337
706 355
706 359
706 495
706 497
706 500
706 679
707 27
707 655
708 174
708 232
709 51
709 67
709 71
709 181
709 198
709 294
709 442
709 467
711 710
713 29
713 113
713 194
713 273
713 296
713 635
713 712
714 38
714 113
715 258
716 321
717 235
717 538
718 497
719 335
720 50
720 205
721 252
721 299
721 366
721 640
721 655
721 703
721 713
722 50
722 284
722 573
722 721
723 44
724 124
724 312
725 175
726 25
726 49
726 220
726 271
726 356
726 366
726 566
726 596
726 702
726 713
727 57
727 172
728 117
728 205
729 411
730 487
731 33
731 129
731 730
733 402
733 732
734 33
734 124
734 129
734 159
734 212
734 227
734 355
734 495
735 303
735 355
735 463
736 339
737 291
738 196
739 184
740 312
740 355
740 463
740 523
740 635
741 608
742 203
742 239
742 533
743 57
743 132
743 487
743 721
743 726
744 90
744 215
745 5
745 194
745 269
745 497
746 78
746 98
746 181
746 198
746 232
746 246
746 296
746 303
746 310
746 462
746 467
746 573
746 726
747 557
747 629
748 67
748 159
748 294
748 335
748 355
748 442
748 467
749 215
750 134
750 267
750 312
750 325
750 552
751 168
751 198
751 442
752 24
752 110
753 16
754 33
754 51
754 70
754 73
754 124
754 129
754 159
754 172
754 335
754 355
754 389
755 38
755 90
756 568
757 14
758 113
759 312
760 103
760 124
760 132
760 442
761 57
761 78
761 84
761 93
761 124
761 196
761 201
761 312
761 355
761 538
761 651
762 647
763 73
763 359
764 295
764 667
765 51
765 73
765 129
765 145
765 168
765 227
765 355
765 359
765 500
766 1
766 78
766 84
766 134
766 308
766 383
766 427
766 679
766 712
767 66
767 448
767 449
767 706
767 765
768 65
769 510
770 75
771 9
771 96
771 118
771 135
771 223
771 247
771 268
771 287
771 486
771 499
771 539
771 550
771 555
771 589
771 604
771 622
771 653
771 666
771 750
771 761
772 38
773 10
773 38
773 162
773 317
773 355
773 613
773 624
774 618
775 262
776 198
776 294
777 450
778 50
778 442
778 652
779 267
779 560
779 628
779 640
779 679
780 51
780 73
780 129
780 355
780 389
780 779
781 34
781 57
781 134
781 239
781 381
781 635
782 127
783 65
784 57
785 137
785 284
785 771
786 10
786 90
787 31
787 48
787 56
787 129
788 8
788 50
788 95
788 239
789 110
789 294
789 721
790 230
791 232
791 269
792 119
792 402
793 33
793 51
793 67
793 71
793 124
793 181
793 198
793 355
793 442
793 467
794 8
794 33
794 50
794 129
794 172
794 203
795 440
796 95
796 159
796 239
796 312
796 523
796 533
797 372
798 31
798 73
798 696
799 8
799 50
799 95
799 172
799 213
800 101
801 249
801 702
802 801
803 290
803 526
803 583
803 733
804 269
805 16
805 442
806 372
807 765
808 8
808 51
808 124
808 129
808 159
808 168
808 337
808 389
808 495
808 497
808 624
808 679
808 767
808 807
809 174
810 53
810 203
810 284
810 552
811 46
812 38
813 262
814 48
814 78
814 90
814 151
814 203
814 213
814 284
814 473
814 523
815 122
815 765
816 51
816 124
816 129
816 159
816 168
816 254
816 355
816 497
816 500
816 505
816 679
816 726
816 815
817 85
817 580
818 401
818 817
819 1
819 78
819 95
819 132
819 355
819 764
819 803
820 232
820 269
821 377
823 822
824 696
825 12
825 33
825 51
825 73
825 129
825 159
825 335
825 342
825 355
825 359
825 389
826 33
826 73
826 342
826 355
826 505
827 50
827 110
827 294
828 110
829 435
829 470
830 5
830 110
830 125
830 162
830 194
831 10
831 29
831 80
832 175
833 10
833 239
833 461
833 577
834 77
834 78
834 239
834 533
834 707
835 90
835 95
836 8
836 50
836 90
836 95
836 129
836 137
836 254
836 401
836 495
836 538
837 33
837 124
837 129
837 205
837 212
838 10
838 38
839 8
839 51
839 73
839 129
839 159
839 184
839 227
839 296
839 310
839 335
839 337
839 359
839 389
839 505
839 679
840 33
840 51
840 57
840 67
840 71
840 84
840 119
840 159
840 172
840 294
840 355
840 442
840 467
840 764
840 779
841 53
841 90
841 312
842 246
842 312
843 80
844 10
844 38
844 134
845 235
845 461
846 40
846 124
846 254
846 296
846 355
846 389
846 771
847 447
848 145
848 157
849 103
849 129
849 355
849 442
850 33
850 73
850 124
850 355
850 505
851 10
851 80
852 510
853 181
854 95
854 220
855 339
855 348
855 761
856 122
857 97
858 110
859 774
860 124
861 107
861 199
861 581
861 766
862 697
863 18
863 57
863 93
863 312
863 721
863 862
864 50
864 90
864 95
864 201
864 325
865 469
866 33
866 48
866 51
866 73
866 124
866 129
866 159
866 168
866 212
866 227
866 355
866 505
867 38
868 101
869 101
869 103
869 227
869 281
869 312
869 538
869 698
870 427
871 1
871 103
871 136
871 284
872 8
872 33
872 110
872 134
872 235
872 442
872 447
872 495
873 175
874 90
874 95
874 137
874 201
874 203
874 284
875 51
875 779
876 78
876 125
876 162
876 497
877 11
877 28
877 43
877 107
877 122
877 130
877 164
877 165
877 245
877 293
877 301
877 316
877 323
877 441
877 468
877 513
877 567
877 633
877 653
877 677
877 688
877 839
878 213
878 268
878 296
878 525
878 527
878 618
878 635
879 10
879 181
879 352
880 8
880 20
880 33
880 51
880 73
880 84
880 124
880 151
880 159
880 168
880 442
881 60
881 334
881 486
881 692
882 50
882 95
882 473
883 127
884 516
885 1
886 50
886 213
886 383
887 78
887 84
887 110
887 113
887 117
887 132
887 134
887 383
887 427
887 591
887 726
888 162
889 95
889 174
889 803
890 124
890 538
891 33
891 46
891 51
891 124
891 129
891 159
891 205
891 254
891 335
891 355
891 505
891 807
891 877
892 146
892 583
892 697
892 761
892 869
893 84
893 124
893 239
893 312
893 401
893 552
894 129
894 227
894 284
894 312
894 473
895 33
895 71
895 95
895 168
895 212
896 97
897 218
898 863
898 890
899 469
900 469
901 33
901 48
901 51
901 117
901 124
901 205
901 335
901 337
901 355
901 389
901 877
902 10
902 38
902 110
903 16
903 110
903 181
903 312
903 398
903 477
903 591
903 679
904 35
904 50
904 95
904 103
904 151
904 201
904 203
904 284
904 442
905 312
905 573
905 771
906 246
907 527
907 702
907 766
908 35
908 907
909 8
909 213
909 325
910 63
910 284
911 3
911 8
911 51
911 84
911 95
911 98
911 132
911 151
911 159
911 203
911 239
911 284
911 312
911 381
911 401
911 538
912 10
913 10
913 38
913 80
913 168
913 205
913 294
913 442
913 505
914 510
916 355
916 500
916 915
917 527
917 618
917 655
918 892
919 378
920 463
921 30
922 359
923 57
923 84
923 125
923 159
923 310
924 204
925 48
925 771
926 31
926 48
926 51
926 73
926 84
926 239
926 254
926 355
926 389
926 505
927 342
928 38
928 503
929 50
929 78
929 84
929 95
929 151
929 203
929 213
929 267
929 284
929 457
929 473
929 771
929 881
930 38
930 75
932 8
932 473
932 931
933 771
934 137
935 172
935 198
935 392
936 78
936 155
936 284
936 312
936 552
936 573
937 267
938 38
939 57
939 110
940 8
941 194
941 355
942 33
942 50
942 129
942 213
942 463
942 538
943 353
944 220
945 8
945 50
945 73
945 129
945 159
945 172
945 355
945 877
946 57
946 78
946 201
946 213
946 533
946 698
946 801
947 73
947 124
947 129
948 3
948 78
948 90
948 201
948 284
948 771
949 296
950 8
950 73
950 95
950 151
951 38
952 159
952 205
952 239
952 319
952 355
953 269
954 46
954 246
955 254
956 10
956 29
956 134
957 258
958 24
958 510
959 196
960 29
960 71
960 168
961 449
962 51
962 67
962 71
962 124
962 198
962 294
962 355
962 442
962 861
963 246
964 124
965 33
965 38
965 151
966 10
966 29
966 80
966 134
967 38
967 194
968 181
969 181
969 198
970 33
970 51
970 73
970 84
970 124
970 129
970 159
970 172
970 227
970 355
970 389
971 8
971 73
971 129
971 159
971 168
971 355
971 505
971 767
972 33
972 51
972 124
972 129
972 205
972 355
972 505
972 779
973 80
974 497
975 5
975 8
975 51
975 57
975 181
975 335
975 374
975 726
975 877
975 881
976 57
976 577
977 90
977 95
978 33
978 48
978 51
978 73
978 124
978 129
978 227
978 296
978 355
978 389
978 442
979 146
980 181
981 369
982 51
982 67
982 71
982 124
982 129
982 181
982 442
982 467
982 767
983 71
983 73
983 103
983 129
983 198
983 294
983 337
983 355
983 442
984 10
984 80
985 5
986 16
986 51
986 129
986 389
986 495
987 194
988 296
988 981
989 988
990 591
991 38
991 75
992 90
992 92
992 103
992 137
992 538
992 881
993 33
993 67
993 124
993 191
993 227
993 467
994 67
994 71
994 181
994 198
995 262
996 51
996 181
996 232
997 31
997 84
997 151
997 312
997 538
998 33
998 38
998 51
998 73
998 129
998 227
998 389
998 505
998 767
999 337
1000 151
1001 29
1001 80
1002 175
1003 16
1004 591
1005 943
1006 711
1007 198
1008 312
1009 84
1009 246
1010 294
1011 57
1011 75
1011 84
1011 151
1011 159
1011 201
1011 246
1011 258
1011 467
1011 721
1012 159
1012 258
1012 500
1013 78
1013 84
1013 95
1013 201
1013 284
1013 312
1013 573
1013 771
1014 33
1014 181
1014 442
1015 807
1016 5
1016 38
1017 78
1018 155
1019 1
1019 38
1019 51
1019 73
1019 124
1019 335
1019 355
1019 635
1020 103
1021 124
1022 401
1023 125
1024 51
1024 73
1024 159
1024 355
1024 359
1024 389
1024 679
1024 815
1025 51
1025 71
1025 103
1025 198
1025 442
1026 8
1026 33
1026 51
1026 73
1026 124
1026 129
1026 168
1026 172
1026 235
1026 337
1026 355
1026 505
1026 877
1027 269
1028 516
1029 461
1030 33
1030 51
1030 73
1030 129
1030 159
1030 168
1030 172
1030 205
1030 227
1030 355
1030 679
1031 525
1031 618
1032 50
1032 84
1032 95
1032 129
1032 136
1032 473
1032 730
1033 31
1033 33
1033 48
1033 73
1033 129
1033 172
1033 227
1033 254
1033 335
1033 337
1033 355
1033 389
1034 67
1035 33
1035 124
1035 212
1035 355
1036 124
1037 10
1038 73
1038 159
1038 239
1038 284
1038 573
1039 18
1040 135
1040 834
1041 90
1042 174
1042 203
1043 101
1043 503
1044 124
1045 10
1045 90
1045 239
1045 284
1046 10
1046 29
1046 80
1047 10
1047 29
1047 134
1048 50
1048 90
1048 213
1048 573
1049 33
1049 84
1049 159
1049 205
1049 355
1050 814
1051 312
1052 1051
1053 10
1053 196
1054 352
1055 33
1055 51
1055 129
1055 159
1055 168
1055 495
1055 635
1055 815
1056 90
1057 319
1057 861
1058 355
1059 57
1059 80
1059 500
1059 721
1060 119
1061 181
1062 8
1062 73
1062 84
1062 284
1062 381
1063 78
1063 84
1063 159
1063 239
1063 381
1063 1040
1064 33
1064 57
1064 119
1064 212
1064 243
1064 374
1064 398
1064 503
1064 578
1065 38
1066 294
1067 8
1067 33
1067 57
1067 75
1067 78
1067 113
1067 124
1067 159
1067 495
1067 679
1068 1
1068 38
1069 38
1069 51
1069 77
1069 78
1069 159
1069 294
1069 355
1069 691
1070 168
1071 696
1072 362
1073 38
1074 75
1074 91
1074 159
1074 721
1075 461
1076 319
1076 952
1077 33
1077 73
1077 129
1077 198
1077 262
1077 294
1077 355
1077 442
1077 505
1078 871
1079 51
1079 71
1079 75
1079 129
1079 168
1079 198
1079 262
1079 314
1079 877
1080 57
1080 159
1080 198
1080 294
1080 467
1080 721
1081 33
1081 50
1081 73
1081 129
1081 284
1081 312
1081 449
1082 159
1083 80
1084 16
1085 624
1086 174
1087 48
1087 124
1087 132
1087 227
1087 355
1087 442
1087 779
1088 51
1088 442
1089 31
1089 33
1089 51
1089 73
1089 129
1089 159
1089 172
1089 205
1089 227
1089 389
1089 767
1089 779
1090 57
1091 16
1092 191
1093 67
1093 124
1093 129
1093 442
1094 10
1094 80
1095 8
1095 50
1095 95
1095 137
1095 201
1095 267
1095 284
1095 312
1096 181
1097 8
1097 12
1097 33
1097 51
1097 73
1097 129
1097 159
1097 168
1097 205
1097 227
1097 254
1097 335
1097 355
1097 505
1098 24
1098 198
1099 124
1100 18
1101 159
1101 807
1102 50
1102 95
1102 201
1102 284
1102 312
1103 49
1103 267
1103 525
1103 702
1103 781
1104 78
1104 119
1104 1031
1105 8
1105 132
1105 312
1105 367
1106 10
1107 16
1107 73
1107 92
1107 538
1108 5
1109 24
1109 57
1109 73
1109 84
1109 110
1109 125
1109 159
1109 162
1109 467
1109 584
1109 609
1109 721
1110 24
1110 33
1110 73
1110 124
1110 159
1110 284
1110 442
1110 467
1111 129
1111 205
1111 227
1111 254
1111 284
1111 312
1111 355
1111 779
1112 33
1112 51
1112 124
1112 129
1112 227
1113 10
1113 29
1114 33
1114 51
1114 73
1114 124
1114 129
1114 172
1114 227
1114 246
1114 337
1114 355
1114 389
1114 635
1114 767
1114 779
1115 264
1116 151
1117 80
1118 294
1119 10
1119 29
1119 303
1120 113
1120 124
1120 129
1120 132
1120 227
1120 296
1120 310
1120 337
1120 442
1121 168
1122 822
1123 33
1123 90
1124 584
1125 50
1125 95
1125 127
1125 129
1125 137
1125 168
1125 203
1125 284
1126 33
1126 51
1126 124
1126 129
1126 212
1127 8
1127 33
1127 90
1127 117
1127 129
1127 151
1127 159
1127 254
1127 337
1127 355
1127 359
1127 495
1127 573
1127 877
1128 5
1129 33
1129 495
1130 698
1131 267
1132 33
1132 124
1132 212
1133 8
1133 10
1133 33
1133 50
1133 75
1133 124
1133 127
1133 203
1133 284
1133 448
1134 151
1134 201
1134 401
1135 401
1136 77
1136 78
1137 296
1138 124
1138 168
1139 10
1139 80
1140 1
1141 92
1141 679
1141 767
1142 8
1142 51
1142 73
1142 95
1142 129
1142 159
1142 168
1142 355
1142 359
1142 427
1143 31
1144 124
1145 67
1145 71
1145 117
1145 198
1145 467
1146 67
1147 38
1148 8
1148 33
1148 51
1148 73
1148 124
1148 129
1148 335
1148 337
1148 403
1148 779
1148 829
1149 3
1149 50
1149 73
1149 78
1149 90
1149 92
1149 103
1149 159
1149 201
1149 213
1149 312
1149 467
1149 495
1149 573
1150 10
1150 29
1150 80
1151 73
1151 90
1151 462
1152 46
1153 38
1154 500
1155 129
1155 392
1156 50
1156 95
1157 1156
1158 387
1158 901
1158 970
1159 95
1160 113
1161 8
1161 51
1161 84
1161 129
1161 355
1162 84
1162 296
1162 339
1162 754
1162 1103
1163 5
1164 1
1164 31
1164 181
1164 290
1164 312
1164 374
1165 254
1165 335
1165 337
1165 355
1165 389
1165 505
1166 155
1167 122
1167 341
1167 427
1167 505
1168 196
1169 50
1169 90
1169 127
1169 239
1170 31
1170 33
1170 48
1170 51
1170 73
1170 124
1170 129
1170 159
1170 227
1170 254
1170 355
1170 500
1170 767
1170 779
1171 51
1171 127
1172 50
1172 127
1173 10
1173 29
1173 77
1174 95
1174 203
1174 312
1174 573
1175 184
1176 129
1176 538
1176 771
1177 16
1177 84
1177 95
1177 295
1177 525
1177 527
1177 655
1177 693
1177 819
1177 881
1177 993
1177 1069
1177 1088
1178 67
1179 33
1179 38
1179 129
1180 24
1180 355
1181 175
1182 698
1183 50
1183 203
1183 284
1183 312
1183 881
1184 51
1184 84
1184 132
1184 355
1184 427
1184 1177
1185 5
1186 573
1186 771
1187 124
1187 129
1187 227
1187 442
1188 33
1188 92
1188 124
1189 10
1189 29
1190 196
1191 181
1191 198
1191 573
1192 33
1192 51
1192 73
1192 124
1192 129
1192 159
1192 172
1192 227
1192 254
1192 337
1192 355
1192 389
1192 505
1192 767
1192 779
1193 145
1194 198
1194 294
1195 38
1196 33
1196 110
1196 205
1196 355
1197 103
1197 227
1198 191
1199 8
1199 33
1199 46
1199 73
1199 124
1199 129
1199 159
1199 227
1199 355
1200 78
1200 137
1200 201
1201 10
1201 134
1202 95
1202 239
1203 73
1203 127
1204 10
1204 29
1205 134
1206 201
1207 46
1208 8
1208 33
1208 50
1208 213
1208 473
1209 33
1209 129
1209 159
1209 168
1209 355
1209 389
1209 500
1210 33
1210 51
1210 73
1210 124
1210 159
1210 227
1210 296
1210 355
1210 389
1210 505
1210 578
1210 779
1210 829
1211 8
1211 33
1211 57
1211 117
1211 129
1211 162
1211 239
1211 877
1211 878
1212 33
1212 129
1212 159
1212 254
1212 442
1212 877
1213 624
1214 73
1214 124
1214 129
1214 159
1214 172
1214 355
1215 8
1215 24
1215 33
1215 50
1215 124
1215 129
1215 213
1215 538
1215 578
1216 124
1217 198
1218 8
1218 33
1218 51
1218 71
1218 90
1218 117
1218 124
1218 129
1218 159
1218 181
1218 198
1218 389
1218 442
1219 137
1220 267
1221 503
1222 124
1223 33
1223 117
1223 129
1223 159
1223 296
1223 355
1223 448
1223 497
1224 8
1224 51
1225 124
1225 801
1226 124
1227 10
1227 80
1227 294
1228 16
1229 95
1230 38
1230 80
1231 24
1232 8
1232 90
1232 95
1232 203
1232 239
1232 284
1233 50
1233 203
1234 51
1234 198
1234 355
1235 127
1236 296
1237 92
1238 198
1238 624
1238 1177
1239 48
1239 78
1239 201
1239 213
1239 312
1239 473
1239 573
1239 771
1240 38
1240 67
1240 129
1240 294
1240 355
1240 505
1240 573
1241 801
1242 151
1243 33
1243 151
1243 205
1243 227
1243 355
1244 500
1245 398
1246 33
1246 51
1246 73
1246 124
1246 159
1246 355
1247 117
1247 129
1247 442
1248 448
1249 10
1249 29
1249 33
1249 90
1249 129
1249 159
1249 355
1249 442
1249 877
1249 907
1250 276
1250 1011
1251 90
1251 181
1252 33
1252 51
1252 73
1252 124
1252 129
1252 227
1252 335
1252 355
1252 495
1252 505
1252 767
1253 284
1254 392
1254 477
1255 51
1255 124
1255 159
1255 227
1255 355
1255 442
1255 829
1256 124
1256 355
1256 389
1256 495
1256 578
1257 103
1258 51
1258 124
1258 159
1258 227
1258 337
1258 355
1259 84
1259 151
1259 771
1260 294
1261 401
1262 309
1262 888
1262 1162
1263 31
1264 8
1264 50
1264 95
1264 213
1265 38
1266 334
1266 924
1266 1233
1267 1
1267 71
1267 137
1267 168
1267 175
1267 181
1267 284
1267 314
1267 584
1268 16
1268 124
1269 33
1269 51
1269 73
1269 124
1269 129
1269 227
1269 355
1270 10
1270 29
1271 50
1271 95
1271 201
1272 90
1272 213
1272 573
1273 12
1273 355
1274 168
1275 24
1276 312
1277 47
1277 58
1277 355
1277 607
1278 33
1278 51
1278 73
1278 124
1278 168
1278 355
1278 389
1279 48
1279 51
1279 227
1279 337
1280 90
1280 284
1280 312
1281 10
1281 29
1282 129
1282 538
1283 10
1283 134
1284 5
1285 137
1285 284
1286 151
1287 582
1288 771
1289 771
1290 317
1291 51
1291 198
1291 442
1292 624
1293 33
1293 50
1293 51
1293 124
1293 129
1293 151
1293 205
1293 312
1293 355
1293 505
1293 877
1294 8
1294 33
1294 129
1294 495
1295 355
1296 48
1296 74
1296 85
1296 150
1296 271
1296 320
1296 323
1296 369
1296 484
1296 506
1296 566
1296 665
1296 706
1296 808
1296 839
1296 901
1296 972
1296 998
1296 1019
1296 1030
1296 1127
1296 1165
1296 1170
1296 1184
1296 1223
1296 1249
1296 1256
1296 1258
1296 1293
1297 1296
1298 10
1298 73
1299 10
1299 50
1299 294
1300 117
1300 294
1301 124
1301 132
1301 246
1301 442
1302 33
1302 51
1302 73
1302 124
1302 129
1303 203
1304 538
1305 33
1305 51
1305 73
1305 205
1305 227
1305 337
1305 355
1305 505
1306 75
1307 284
1308 78
1308 155
1308 213
1308 573
1309 10
1309 134
1310 95
1310 284
1311 67
1311 110
1311 113
1311 175
1311 497
1312 124
1312 129
1312 355
1312 389
1312 448
1312 779
1313 90
1313 203
1313 284
1314 198
1315 84
1315 159
1315 312
1315 771
1316 90
1317 50
1317 95
1317 201
1318 95
1319 129
1319 203
1319 473
1319 505
1320 73
1320 92
1320 124
1320 129
1320 227
1320 254
1320 355
1321 50
1321 78
1321 159
1321 312
1321 355
1321 1277
1322 73
1322 624
1323 33
1323 51
1323 71
1323 103
1323 117
1323 124
1323 132
1323 172
1323 442
1324 24
1324 198
1324 442
1325 132
1325 312
1326 33
1326 129
1326 213
1327 38
1328 24
1328 117
1328 198
1328 442
1329 246
1329 573
1330 817
1331 95
1331 201
1332 68
1332 203
1334 1333
1335 137
1336 51
1336 198
1337 124
1337 227
1338 134
1339 294
1340 33
1340 129
1341 67
1341 71
1341 198
1342 151
1342 312
1343 12
1344 78
1344 113
1345 38
1345 90
1345 355
1346 262
1347 33
1347 73
1347 151
1347 201
1347 239
1347 505
1348 92
1348 201
1349 5
1350 33
1350 159
1350 310
1351 151
1352 90
1352 95
1352 239
1352 538
1353 198
1354 8
1354 50
1354 213
1354 284
1355 38
1356 33
1356 51
1356 73
1356 124
1356 129
1356 296
1356 355
1356 578
1356 1296
1357 151
1358 137
1359 284
1360 119
1361 33
1361 51
1361 73
1361 129
1361 159
1361 227
1361 355
1361 389
1361 877
1362 172
1363 198
1364 155
1365 500
1366 201
1366 538
1367 33
1367 84
1367 159
1367 172
1367 205
1367 355
1367 442
1368 467
1369 8
1369 33
1369 51
1369 73
1369 168
1369 355
1370 124
1370 203
1370 312
1371 24
1372 8
1372 51
1372 84
1372 124
1372 159
1372 168
1372 337
1372 355
1372 389
1372 500
1372 505
1373 8
1373 33
1373 129
1373 151
1373 495
1374 359
1375 48
1375 51
1375 389
1375 500
1375 779
1376 48
1377 284
1378 155
1378 312
1378 573
1379 8
1379 213
1379 473
1380 10
1380 29
1381 118
1381 356
1381 499
1381 655
1381 728
1381 1215
1382 175
1383 93
1383 94
1383 889
1383 1057
1383 1167
1384 129
1384 227
1385 33
1385 117
1385 129
1385 159
1385 227
1385 355
1385 877
1386 90
1387 50
1387 95
1388 33
1388 51
1388 73
1388 95
1388 129
1388 227
1388 312
1388 355
1388 1296
1389 10
1390 284
1391 58
1391 339
1391 713
1391 743
1391 745
1391 1064
1391 1329
1392 1296
1393 218
1394 73
1394 124
1394 442
1395 33
1395 73
1395 78
1395 90
1395 113
1395 284
1395 538
1396 73
1396 124
1396 129
1397 227
1397 335
1398 284
1399 10
1400 57
1400 103
1400 203
1401 90
1402 721
1403 24
1404 10
1404 29
1405 90
1406 95
1407 33
1407 95
1407 124
1407 129
1407 201
1408 538
1409 129
1409 310
1410 38
1411 33
1411 129
1411 355
1411 497
1412 1296
1413 71
1414 137
1414 312
1415 201
1415 284
1415 573
1416 312
1417 151
1418 203
1419 67
1420 8
1420 33
1420 159
1420 355
1420 473
1421 767
1422 10
1423 401
1424 132
1425 10
1425 38
1426 38
1427 538
1428 8
1428 33
1428 73
1428 129
1428 227
1429 284
1429 312
1429 505
1430 262
1431 10
1431 239
1431 497
1432 90
1432 137
1432 284
1433 50
1433 90
1433 95
1433 355
1434 95
1435 151
1436 90
1437 10
1437 38
1438 312
1439 10
1440 8
1440 33
1440 73
1440 124
1440 129
1440 159
1440 172
1440 355
1440 473
1440 495
1440 877
1441 124
1441 355
1442 90
1442 95
1442 284
1443 51
1443 73
1443 159
1443 168
1443 389
1444 12
1445 73
1445 75
1446 401
1446 817
1447 90
1448 203
1448 312
1449 132
1450 172
1451 73
1451 78
1451 90
1451 573
1452 117
1453 24
1453 119
1453 239
1453 284
1453 442
1454 90
1454 117
1454 284
1454 312
1454 355
1455 8
1455 124
1455 129
1455 159
1455 168
1455 355
1455 389
1456 239
1456 1301
1457 8
1457 84
1457 473
1458 188
1458 561
1459 75
1460 8
1460 51
1460 73
1460 129
1460 168
1460 337
1460 355
1460 359
1461 50
1461 95
1461 213
1462 907
1463 33
1463 124
1463 159
1463 205
1463 442
1464 8
1464 38
1464 73
1464 473
1465 33
1465 284
1466 12
1466 33
1466 51
1466 73
1466 124
1466 159
1466 389
1466 505
1467 10
1467 29
1467 137
1468 24
1468 69
1468 90
1469 129
1469 227
1469 284
1470 95
1470 284
1470 573
1471 267
1472 16
1473 1177
1474 38
1475 73
1475 129
1475 159
1475 337
1475 355
1475 495
1475 505
1476 73
1476 90
1476 159
1477 312
1478 5
1479 33
1479 51
1479 73
1479 159
1479 335
1479 355
1479 497
1480 132
1481 197
1481 353
1481 738
1481 1168
1482 470
1483 90
1484 124
1485 201
1486 201
1487 284
1488 10
1488 29
1489 1262
1490 194
1490 379
1490 702
1491 205
1492 5
1493 10
1493 38
1494 48
1495 631
1496 294
1497 12
1498 284
1499 95
1500 33
1500 124
1500 505
1501 119
1501 129
1502 95
1503 73
1503 159
1503 205
1503 227
1503 335
1503 355
1504 721
1505 1262
1506 5
1507 90
1508 33
1508 172
1508 355
1508 497
1510 355
1510 1509
1511 73
1511 337
1512 201
1513 38
1514 355
1514 495
1515 33
1515 159
1515 355
1515 495
1515 779
1516 750
1517 215
1517 270
1518 50
1518 73
1518 213
1519 117
1520 239
1521 92
1521 113
1521 168
1522 359
1523 33
1523 73
1523 168
1523 172
1523 355
1524 50
1524 284
1524 312
1525 38
1526 198
1527 8
1527 33
1527 90
1527 124
1528 389
1529 90
1530 284
1531 312
1532 129
1533 50
1533 124
1533 132
1533 505
1534 51
1534 124
1534 168
1534 355
1534 442
1535 90
1535 312
1536 635
1537 205
1538 284
1539 117
1540 8
1540 73
1540 129
1540 168
1540 355
1540 500
1541 10
1541 29
1542 8
1543 50
1543 124
1543 355
1543 877
1544 75
1545 205
1546 14
1546 31
1546 43
1546 48
1546 102
1546 190
1546 198
1546 226
1546 245
1546 282
1546 299
1546 301
1546 320
1546 323
1546 387
1546 416
1546 484
1546 513
1546 564
1546 605
1546 628
1546 640
1546 665
1546 695
1546 808
1546 816
1546 819
1546 834
1546 839
1546 891
1546 901
1546 923
1546 972
1546 1024
1546 1026
1546 1030
1546 1033
1546 1097
1546 1105
1546 1110
1546 1114
1546 1148
1546 1149
1546 1184
1546 1192
1546 1199
1546 1246
1546 1252
1546 1278
1546 1293
1546 1302
1546 1356
1546 1409
1546 1421
1546 1443
1546 1455
1546 1464
1546 1466
1547 33
1547 205
1548 442
1549 312
1550 312
1551 124
1551 129
1551 159
1551 227
1551 355
1552 10
1553 655
1554 38
1554 84
1555 497
1556 172
1557 767
1558 73
1558 124
1558 159
1558 284
1558 442
1558 1546
1559 29
1560 33
1560 73
1560 129
1560 159
1560 168
1560 389
1560 1546
1561 33
1561 573
1562 51
1562 73
1562 335
1562 355
1562 389
1563 29
1564 359
1565 51
1566 254
1567 10
1568 57
1568 129
1568 467
1568 877
1569 33
1569 129
1569 205
1569 355
1569 1296
1570 497
1571 33
1571 51
1571 117
1571 124
1571 159
1571 168
1571 227
1571 335
1571 355
1572 129
1572 198
1572 442
1572 467
1573 71
1574 500
1575 124
1575 129
1575 215
1576 90
1576 95
1577 33
1577 129
1577 205
1577 355
1578 312
1579 29
1580 10
1581 10
1582 205
1583 284
1584 33
1584 50
1584 95
1585 239
1586 95
1586 239
1586 573
1587 159
1587 198
1587 442
1588 95
1589 692
1589 1069
1590 1589
1591 978
1591 1112
1591 1134
1591 1210
1591 1252
1591 1464
1591 1515
1592 38
1593 10
1593 29
1594 90
1595 284
1596 51
1596 73
1596 500
1597 761
1598 181
1598 198
1598 203
1598 362
1599 90
1600 38
1601 10
1602 213
1603 284
1604 348
1605 467
1606 312
1607 84
1607 181
1608 124
1608 172
1608 337
1609 10
1609 38
1611 1610
1612 1333
1613 198
1613 355
1614 10
1615 284
1616 198
1616 227
1617 71
1618 312
1619 84
1619 312
1620 132
1621 224
1622 337
1623 512
1623 778
1624 227
1625 284
1626 38
1627 442
1628 73
1628 124
1628 129
1628 227
1629 495
1630 10
1630 29
1631 33
1631 73
1631 129
1631 254
1632 573
1633 8
1633 33
1633 124
1633 129
1633 168
1633 337
1633 355
1633 442
1634 284
1635 312
1636 10
1637 887
1638 124
1639 107
1639 226
1639 362
1639 387
1639 420
1639 600
1639 816
1639 978
1639 1033
1639 1089
1639 1293
1639 1305
1639 1372
1639 1420
1640 1575
1641 124
1641 129
1642 312
1643 10
1643 29
1644 124
1644 129
1644 227
1645 205
1645 355
1645 505
1646 33
1646 442
1647 339
1647 655
1647 713
1647 792
1647 846
1647 1060
1647 1162
1647 1360
1648 172
1649 10
1650 1148
1651 124
1651 159
1651 239
1651 355
1651 389
1652 401
1653 401
1654 90
1655 312
1656 29
1657 57
1658 90
1659 198
1660 124
1661 525
1661 1142
1662 117
1663 450
1663 527
1663 596
1663 600
1663 701
1663 972
1663 1155
1663 1170
1663 1312
1664 29
1664 122
1665 129
1665 1546
1666 39
1666 51
1666 62
1666 102
1666 122
1666 163
1666 164
1666 245
1666 267
1666 294
1666 295
1666 298
1666 320
1666 323
1666 379
1666 400
1666 413
1666 419
1666 426
1666 435
1666 437
1666 464
1666 486
1666 513
1666 534
1666 540
1666 564
1666 596
1666 600
1666 674
1666 676
1666 677
1666 688
1666 693
1666 701
1666 709
1666 734
1666 752
1666 765
1666 816
1666 839
1666 846
1666 850
1666 866
1666 926
1666 970
1666 978
1666 986
1666 998
1666 1024
1666 1026
1666 1030
1666 1033
1666 1062
1666 1087
1666 1097
1666 1120
1666 1125
1666 1155
1666 1170
1666 1184
1666 1192
1666 1252
1666 1256
1666 1258
1666 1352
1666 1388
1666 1441
1666 1453
1666 1455
1666 1479
1666 1543
1666 1560
1666 1608
1666 1651
1667 124
1667 168
1667 355
1668 284
1669 38
1670 38
1671 312
1672 10
1672 29
1673 73
1673 129
1673 355
1674 1148
1675 10
1676 284
1677 312
1678 10
1678 29
1679 573
1680 887
1681 33
1681 159
1682 33
1682 124
1683 573
1684 33
1684 51
1684 124
1684 129
1684 168
1684 442
1685 129
1685 159
1685 355
1686 284
1687 124
1688 29
1689 129
1689 159
1689 355
1689 877
1689 1546
1690 198
1691 33
1691 73
1691 129
1691 159
1691 168
1691 355
1691 505
1691 1666
1692 124
1693 124
1694 124
1694 355
1694 442
1695 29
1696 73
1696 500
1697 10
1698 73
1698 227
1699 38
1700 10
1701 124
1701 129
1701 159
1701 168
1702 10
1703 198
1704 401
1705 38
1706 38
1707 312
1708 10
1708 29
1709 442
1710 442
1711 33
1711 124
1712 29
1712 181
1713 50
1714 73
1714 198
1715 90
1716 95
1717 239
1718 198
1719 10
1720 227
1721 33
1721 51
1721 124
1721 168
1721 227
1721 337
1721 1546
1722 38
1723 38
1724 90
1725 505
1726 1647
1727 33
1727 129
1727 254
1727 355
1727 389
1727 1666
1728 8
1728 51
1729 90
1730 38
1731 38
1732 172
1733 442
1733 505
1734 95
1735 198
1736 90
1737 90
1737 159
1737 312
1738 124
1738 129
1739 198
1740 198
1741 312
1742 132
1743 239
1744 239
1745 10
1746 33
1746 129
1747 33
1747 124
1748 124
1749 124
1749 129
1749 227
1749 355
1750 312
1751 159
1751 495
1752 57
1752 159
1753 198
1754 239
1755 124
1756 10
1757 90
1758 132
1759 495
1760 198
1761 73
1761 124
1761 129
1762 51
1762 495
1763 73
1763 129
1763 355
1764 33
1764 51
1764 73
1764 129
1764 227
1764 355
1764 505
1764 1296
1765 198
1766 500
1767 33
1767 73
1767 129
1768 33
1768 124
1768 227
1768 337
1769 33
1769 73
1769 129
1769 227
1769 355
1770 10
1771 73
1771 227
1771 389
1772 33
1772 124
1772 159
1772 442
1773 877
1774 90
1775 90
1776 33
1776 117
1777 33
1777 73
1777 124
1777 129
1777 227
1777 389
1778 1591
1779 33
1779 51
1779 124
1779 159
1779 227
1779 442
1780 33
1780 389
1781 442
1782 10
1783 129
1784 124
1784 129
1785 33
1785 359
1786 90
1787 505
1788 57
1789 50
1790 129
1790 227
1790 355
1790 1666
1791 73
1792 73
1792 129
1792 355
1793 8
1793 84
1793 129
1794 73
1794 124
1795 877
1796 10
1797 16
1797 117
1797 134
1798 57
1798 124
1799 73
1799 355
1800 24
1800 442
1801 401
1802 50
1802 355
1803 50
1804 124
1805 33
1805 51
1805 73
1806 90
1807 8
1807 124
1807 129
1807 159
1807 355
1807 505
1808 57
1809 33
1809 129
1810 10
1811 90
1812 401
1813 73
1813 359
1813 389
1813 1666
1814 33
1814 505
1815 8
1815 73
1815 129
1815 168
1815 359
1816 33
1816 124
1816 129
1816 159
1817 57
1818 505
1819 33
1819 124
1819 159
1820 33
1820 129
1820 159
1820 1296
1821 124
1821 129
1822 239
1823 1296
1824 389
1825 50
1826 90
1827 50
1828 8
1829 90
1830 10
1831 8
1831 33
1831 73
1831 129
1831 1666
1832 50
1832 73
1833 90
1834 50
1834 73
1835 33
1835 124
1836 10
1837 90
1838 8
1838 33
1838 51
1838 124
1838 159
1838 168
1838 355
1838 1546
1839 90
1840 33
1841 90
1842 33
1842 73
1842 124
1842 1546
1843 117
1844 10
1845 51
1845 355
1846 33
1846 159
1846 168
1847 90
1848 50
1849 355
1850 129
1851 50
1852 33
1852 355
1853 10
1854 227
1855 10
1856 10
1857 33
1857 73
1857 129
1857 1546
1858 33
1858 124
1859 33
1859 51
1859 129
1859 168
1860 33
1861 8
1861 33
1861 129
1861 159
1861 355
1862 84
1863 124
1863 129
1863 442
1864 10
1865 51
1865 73
1866 10
1867 51
1868 442
1869 129
1869 442
1870 124
1871 50
1872 1296
1873 442
1874 124
1875 110
1875 505
1876 505
1877 129
1878 51
1878 129
1879 129
1880 33
1880 129
1881 129
1882 129
1883 129
1884 73
1884 129
1885 33
1885 129
1885 1546
1886 129
1886 355
1887 129
1888 73
1888 129
1888 355
1889 33
1889 129
1889 227
1890 129
1890 355
1891 73
1891 129
1891 1666
1892 73
1892 129
1893 129
1894 33
1894 73
1894 129
1894 159
1894 227
1895 73
1895 129
1895 1546
1896 129
1897 129
1898 129
1899 129
1900 129
1901 129
1902 129
1903 129
1904 129
1905 129
1906 129
1907 129
1908 129
1908 1666
1909 129
1910 129
1911 129
1912 33
1912 129
1913 33
1913 73
1913 129
1914 33
1914 129
1915 129
1916 33
1916 129
1916 1666
1917 33
1917 73
1917 129
1918 129
1919 129
1920 129
1921 129
1922 73
1922 129
1923 129
1924 103
1924 129
1924 162
1925 129
1926 129
1928 1927
1929 1
1929 69
1929 134
1929 137
1929 162
1929 175
1929 304
1929 352
1929 584
1929 1182
1929 1621
1929 1927
1930 77
1931 1496
1932 255
1933 38
1933 110
1933 255
1934 255
1935 255
1936 523
1937 146
1938 389
1939 8
1940 8
1941 8
1942 113
1942 175
1942 227
1942 500
1942 556
1943 221
1944 877
1945 203
1946 1
1947 1
1948 196
1949 344
1950 267
1950 296
1950 1148
1951 119
1952 181
1953 181
1954 591
1955 591
1956 304
1957 352
1958 352
1959 5
1960 5
1961 5
1962 5
1963 497
1964 497
1965 51
1965 227
1966 227
1967 227
1967 355
1968 822
1968 1621
1969 68
1970 124
1970 325
1971 159
1971 1666
1972 1666
1973 1666
1974 1666
1975 1666
1976 1666
1977 355
1977 1666
1978 1666
1979 1666
1980 1666
1981 1666
1982 254
1982 1666
1983 1666
1984 1666
1985 172
1986 51
1987 51
1988 51
1989 51
1990 50
1990 51
1990 312
1991 51
1991 117
1991 355
1992 51
1992 159
1992 355
1993 51
1994 51
1994 355
1995 51
1996 51
1997 51
1998 51
1999 51
1999 355
2000 51
2001 505
2002 505
2003 505
2003 1546
2004 75
2005 75
2006 75
2007 75
2007 136
2008 1296
2009 1296
2010 1158
2011 1158
2012 33
2013 33
2014 33
2014 73
2015 33
2016 33
2017 33
2018 33
2019 33
2019 73
2020 33
2021 33
2022 33
2022 73
2023 33
2024 33
2025 33
2026 33
2027 33
2027 355
2028 33
2029 33
2030 33
2031 33
2031 355
2032 33
2032 355
2033 33
2033 73
2034 33
2035 33
2036 33
2036 73
2036 355
2037 33
2038 33
2039 33
2040 33
2041 33
2042 33
2043 33
2044 33
2044 159
2045 33
2046 33
2047 33
2048 33
2049 33
2050 33
2051 33
2051 73
2052 33
2053 33
2054 33
2055 33
2055 362
2056 33
2056 73
2056 1546
2057 33
2057 73
2058 33
2059 33
2059 442
2059 1546
2060 33
2061 33
2062 33
2063 33
2064 71
2064 168
2064 312
2065 168
2067 294
2067 1078
2067 2066
2068 71
2068 155
2069 771
2070 771
2071 73
2072 73
2073 73
2074 73
2075 73
2076 73
2077 73
2078 73
2079 73
2080 73
2081 73
2081 533
2082 73
2082 355
2083 73
2084 73
2085 73
2085 84
2086 73
2087 73
2088 73
2089 73
2090 73
2091 73
2092 477
2093 477
2094 477
2095 1490
2096 881
2097 103
2097 335
2097 473
2098 90
2099 721
2100 69
2101 284
2102 284
2103 284
2104 442
2105 442
2106 442
2107 117
2108 117
2109 117
2110 117
2111 117
2112 117
2112 124
2113 117
2114 117
2115 155
2116 159
2117 159
2118 159
2119 159
2120 159
2120 355
2121 159
2122 159
2123 159
2124 159
2125 67
2126 67
2127 67
2127 779
2128 67
2129 67
2130 67
2131 67
2132 342
2133 95
2134 1623
2135 652
2136 652
2137 267
2138 267
2139 779
2140 38
2141 38
2142 346
2143 122
2144 122
2145 473
2146 500
2147 24
2148 24
2149 24
2150 113
2151 113
2152 113
2153 113
2154 448
2155 1156
2156 127
2157 1051
2158 35
2159 254
2160 312
2161 312
2162 312
2163 312
2164 312
2165 312
2166 103
2167 767
2168 272
2169 84
2170 84
2171 246
2172 1546
2173 355
2173 1546
2174 1546
2175 1546
2176 1546
2177 1546
2178 1546
2179 1943
2180 355
2181 355
2182 355
2183 355
2184 355
2185 355
2186 355
2187 355
2188 355
2189 355
2190 355
2191 355
2192 355
2193 355
2194 355
2195 355
2196 355
2197 355
2198 355
2199 355
2200 355
2201 355
2202 355
2203 355
2204 355
2205 355
2206 355
2207 355
2208 355
2209 124
2209 162
2210 1250
2211 262
2212 679
2213 124
2214 124
2215 124
2216 124
2217 124
2218 124
2219 124
2220 124
2221 124
2222 151
2223 151
2224 151
2225 10
2226 10
2227 10
2228 10
2229 10
2230 10
2231 10
2232 10
2233 10
2234 10
2235 10
2236 10
2237 10
2238 10
2239 10
