%%MatrixMarket matrix coordinate pattern symmetric
3133 3133 6149
2 1 
3 1 
4 1 
5 1 
6 1 
7 1 
8 1 
9 1 
10 1 
11 1 
12 1 
12 11 
13 1 
14 1 
15 1 
16 1 
17 1 
18 1 
19 1 
20 1 
21 1 
22 1 
23 1 
24 1 
25 1 
26 1 
27 1 
27 16 
28 1 
29 1 
30 1 
31 1 
32 1 
32 7 
33 1 
33 5 
33 16 
33 27 
34 1 
34 14 
35 1 
35 4 
35 16 
35 27 
36 1 
36 27 
37 1 
38 1 
38 6 
39 1 
40 1 
40 30 
40 31 
41 1 
42 1 
42 27 
42 32 
43 1 
44 1 
44 20 
44 36 
45 1 
46 1 
47 16 
47 39 
48 16 
49 16 
50 16 
51 16 
51 33 
52 16 
53 16 
53 52 
54 16 
55 16 
55 27 
56 16 
56 27 
57 2 
57 5 
57 16 
57 27 
57 33 
58 7 
58 16 
59 16 
60 16 
62 61 
63 61 
64 61 
65 61 
66 61 
67 61 
68 61 
69 61 
70 61 
71 31 
71 61 
71 69 
73 72 
74 59 
74 72 
75 73 
76 59 
76 73 
76 74 
77 33 
77 73 
77 74 
78 27 
78 36 
78 50 
78 59 
78 73 
78 74 
79 73 
79 74 
80 73 
80 74 
80 76 
81 7 
81 33 
81 51 
81 73 
81 74 
81 76 
81 78 
82 36 
83 27 
83 36 
83 44 
84 36 
84 38 
84 78 
85 36 
85 84 
86 59 
86 74 
87 59 
87 74 
88 74 
88 87 
89 74 
89 81 
90 74 
91 74 
92 74 
92 81 
93 74 
93 81 
94 74 
95 59 
95 74 
96 57 
96 74 
96 78 
96 87 
96 88 
96 89 
97 57 
97 74 
97 81 
98 74 
98 77 
98 81 
99 59 
99 74 
100 57 
100 74 
101 59 
101 74 
102 57 
102 74 
103 27 
103 33 
103 48 
103 51 
103 56 
103 74 
103 75 
103 81 
104 34 
104 57 
104 74 
106 105 
107 105 
108 105 
109 105 
110 105 
110 108 
111 31 
111 58 
111 105 
112 52 
112 105 
113 105 
114 107 
115 32 
115 56 
115 58 
115 96 
115 107 
117 116 
118 116 
119 116 
120 116 
120 119 
121 116 
122 116 
123 7 
123 117 
123 118 
124 118 
125 118 
126 118 
126 125 
127 118 
128 118 
129 78 
129 90 
129 103 
130 129 
131 129 
132 114 
132 129 
133 111 
133 129 
134 129 
135 129 
136 129 
137 129 
137 135 
138 55 
138 129 
139 129 
140 129 
141 129 
142 129 
143 129 
143 132 
144 129 
145 129 
146 129 
147 114 
147 129 
148 129 
149 129 
150 129 
151 129 
152 129 
153 129 
154 129 
155 129 
156 129 
156 143 
157 129 
158 129 
159 30 
159 40 
159 45 
159 87 
159 88 
159 129 
160 129 
161 129 
162 44 
162 129 
162 136 
162 143 
162 150 
163 129 
164 129 
165 129 
166 129 
167 129 
168 114 
168 129 
169 129 
170 129 
171 129 
172 129 
173 129 
174 129 
175 129 
176 20 
176 78 
176 103 
176 129 
176 147 
176 151 
176 162 
177 129 
177 176 
178 129 
179 129 
180 129 
181 129 
182 129 
183 129 
184 129 
185 27 
185 129 
186 129 
186 147 
187 129 
188 129 
189 129 
190 129 
191 129 
192 129 
193 129 
194 98 
194 129 
195 129 
196 129 
197 129 
197 162 
198 129 
199 129 
200 129 
201 129 
202 14 
202 129 
202 159 
203 129 
204 129 
205 129 
206 129 
207 129 
208 129 
209 129 
210 129 
211 129 
212 129 
213 129 
214 129 
215 111 
215 129 
216 129 
216 162 
216 167 
216 211 
217 129 
217 216 
218 129 
219 129 
220 129 
220 132 
220 143 
220 150 
220 156 
220 162 
221 129 
222 123 
222 129 
223 129 
224 129 
225 129 
226 129 
227 129 
227 138 
228 129 
229 129 
230 129 
230 162 
231 129 
232 129 
233 129 
234 129 
234 203 
235 129 
236 129 
236 161 
237 14 
237 129 
237 132 
237 162 
237 206 
237 221 
238 129 
239 129 
240 129 
241 129 
241 176 
242 78 
242 103 
242 129 
242 202 
242 215 
242 218 
242 219 
243 129 
243 176 
243 211 
244 129 
245 84 
245 129 
246 129 
247 129 
248 5 
248 129 
248 176 
249 129 
250 129 
250 176 
250 242 
251 129 
252 129 
252 138 
252 243 
253 129 
253 176 
253 231 
254 129 
255 129 
256 103 
256 134 
256 137 
256 147 
256 164 
256 166 
256 174 
256 190 
256 207 
256 214 
256 219 
256 225 
256 231 
256 232 
256 241 
256 253 
256 255 
257 131 
257 150 
257 155 
257 161 
257 162 
257 164 
257 167 
257 202 
257 223 
257 241 
258 80 
258 131 
258 132 
258 134 
258 144 
258 152 
258 161 
258 164 
258 174 
258 182 
258 207 
258 214 
258 218 
258 219 
258 225 
258 226 
258 228 
258 232 
258 238 
258 251 
259 161 
259 164 
259 175 
259 179 
259 218 
259 223 
259 241 
259 253 
260 132 
260 147 
260 164 
260 202 
261 103 
261 147 
261 161 
261 164 
261 202 
263 262 
265 264 
266 264 
267 264 
268 264 
270 269 
271 269 
272 269 
273 132 
273 134 
273 147 
273 150 
273 162 
273 170 
273 172 
273 194 
273 197 
273 224 
273 269 
274 271 
275 194 
275 271 
277 9 
277 276 
278 276 
279 276 
280 194 
281 280 
282 280 
283 113 
283 280 
284 256 
284 257 
284 273 
284 280 
285 147 
285 194 
285 284 
286 147 
286 162 
286 194 
287 103 
287 134 
287 147 
287 150 
287 161 
287 166 
287 194 
287 245 
287 254 
288 194 
289 10 
289 50 
289 78 
289 103 
289 138 
289 140 
289 144 
289 147 
289 155 
289 161 
289 162 
289 171 
289 175 
289 179 
289 194 
289 197 
289 213 
289 215 
289 218 
289 223 
289 225 
289 241 
289 245 
289 254 
289 257 
289 260 
289 284 
290 194 
291 103 
291 147 
291 194 
292 147 
292 194 
293 147 
293 162 
293 194 
293 206 
293 284 
294 194 
295 134 
295 147 
295 161 
295 169 
295 173 
295 175 
295 176 
295 194 
295 202 
295 211 
295 215 
295 216 
295 217 
295 223 
295 234 
295 235 
295 241 
295 243 
295 248 
295 251 
295 252 
295 255 
295 284 
296 31 
296 137 
296 147 
296 162 
296 169 
296 194 
296 197 
296 200 
296 218 
297 147 
297 162 
297 194 
297 284 
298 194 
299 194 
299 278 
300 179 
300 194 
301 147 
301 194 
301 284 
301 289 
302 194 
302 206 
302 284 
303 194 
303 284 
304 147 
304 194 
304 284 
305 111 
305 133 
305 161 
305 169 
305 173 
305 194 
305 216 
305 223 
305 239 
305 241 
305 252 
306 111 
306 194 
306 245 
307 194 
307 245 
308 194 
309 147 
309 169 
309 194 
309 207 
309 252 
309 284 
310 291 
311 310 
312 311 
314 313 
315 67 
316 111 
316 315 
317 62 
317 111 
317 315 
318 315 
319 315 
319 317 
320 67 
320 317 
320 319 
321 317 
321 319 
322 317 
322 319 
323 319 
325 324 
326 270 
326 324 
327 324 
328 29 
329 328 
330 328 
331 29 
332 103 
332 197 
332 218 
332 232 
332 235 
332 255 
332 256 
333 332 
334 110 
334 256 
334 258 
334 287 
334 332 
335 306 
335 332 
336 111 
336 275 
336 298 
336 332 
337 256 
337 258 
337 292 
337 332 
338 332 
339 258 
339 292 
339 332 
340 256 
340 332 
341 256 
341 332 
341 340 
342 256 
342 258 
342 332 
343 256 
343 332 
344 256 
344 332 
345 258 
345 332 
346 256 
346 258 
346 332 
347 256 
347 292 
347 332 
348 292 
348 332 
349 295 
349 296 
349 305 
349 332 
350 289 
350 332 
351 332 
352 256 
352 332 
353 162 
353 256 
353 258 
353 332 
354 332 
355 256 
355 258 
355 289 
355 332 
356 332 
357 127 
357 332 
358 332 
359 258 
359 332 
360 256 
360 332 
361 258 
361 332 
361 333 
362 258 
362 332 
363 258 
363 332 
364 332 
365 292 
365 332 
366 258 
366 292 
366 332 
367 332 
368 332 
369 332 
369 340 
370 108 
370 152 
370 220 
370 231 
370 257 
370 258 
370 273 
370 287 
370 298 
370 300 
370 332 
370 335 
370 362 
371 332 
372 256 
372 332 
373 332 
374 20 
374 153 
374 251 
374 332 
374 349 
374 356 
375 128 
375 131 
375 137 
375 155 
375 207 
375 219 
375 223 
375 228 
375 241 
375 255 
375 332 
375 347 
376 187 
376 332 
377 256 
377 332 
377 340 
377 375 
378 143 
378 213 
378 256 
378 258 
378 332 
378 374 
379 256 
379 258 
379 332 
380 108 
380 332 
381 257 
381 332 
382 332 
383 256 
383 289 
383 332 
383 337 
383 340 
384 332 
385 332 
385 370 
386 295 
386 332 
387 256 
387 258 
387 332 
387 375 
388 332 
389 27 
389 332 
390 256 
390 258 
390 332 
391 256 
391 258 
391 259 
391 340 
391 375 
392 2 
392 3 
392 8 
392 10 
392 33 
392 34 
392 41 
392 42 
392 92 
392 115 
392 121 
392 123 
392 278 
392 279 
392 375 
393 111 
393 256 
393 375 
394 375 
395 33 
395 256 
395 375 
396 375 
397 137 
397 138 
397 172 
397 213 
397 245 
397 246 
397 338 
397 365 
397 367 
397 370 
397 374 
397 375 
398 45 
398 81 
398 159 
398 202 
398 375 
399 375 
400 298 
400 375 
401 256 
401 375 
402 115 
402 375 
402 399 
403 206 
403 375 
404 257 
404 295 
404 375 
405 56 
405 137 
405 147 
405 162 
405 169 
405 197 
405 215 
405 229 
405 349 
406 45 
406 103 
406 237 
406 286 
406 287 
406 293 
406 405 
407 237 
407 295 
407 405 
408 405 
409 405 
410 242 
410 295 
410 405 
411 370 
411 405 
412 78 
412 133 
412 159 
412 161 
412 173 
412 183 
412 223 
412 296 
412 405 
413 44 
413 258 
413 286 
413 288 
413 292 
413 293 
413 297 
413 405 
414 405 
415 31 
416 31 
416 69 
417 31 
418 31 
419 31 
420 31 
420 418 
421 9 
421 31 
421 111 
422 31 
422 32 
422 115 
422 168 
422 267 
422 415 
423 31 
424 31 
424 422 
425 31 
426 31 
426 256 
427 31 
427 424 
428 31 
428 102 
429 31 
429 32 
429 267 
429 420 
430 31 
430 113 
430 419 
431 31 
431 58 
431 115 
431 289 
431 424 
432 289 
432 296 
432 297 
433 296 
434 296 
435 176 
435 259 
435 289 
435 295 
435 296 
435 305 
436 296 
437 296 
438 296 
439 147 
439 296 
439 386 
440 223 
440 296 
441 296 
442 296 
443 296 
444 37 
444 296 
445 296 
446 296 
447 44 
447 143 
447 258 
447 289 
447 296 
447 392 
448 30 
448 32 
448 40 
449 448 
450 32 
450 140 
450 243 
450 337 
450 422 
450 426 
450 448 
451 32 
451 71 
451 188 
451 243 
451 422 
451 448 
452 32 
453 32 
453 115 
454 32 
454 427 
455 32 
456 32 
456 123 
456 289 
457 32 
458 32 
458 293 
459 7 
459 32 
459 57 
459 78 
459 103 
459 115 
459 248 
459 279 
459 392 
460 32 
460 185 
460 420 
460 429 
461 5 
461 32 
461 206 
462 32 
462 57 
462 279 
462 422 
462 451 
462 453 
463 32 
463 451 
464 32 
464 58 
465 7 
465 13 
465 32 
465 256 
465 376 
465 415 
465 422 
465 429 
466 32 
466 161 
466 188 
466 243 
466 419 
466 422 
467 32 
468 32 
468 293 
470 127 
470 469 
471 42 
471 111 
471 422 
471 469 
472 469 
472 471 
473 258 
473 469 
474 123 
474 370 
474 450 
474 451 
474 469 
475 257 
475 289 
475 301 
475 422 
475 462 
476 143 
476 383 
476 415 
476 422 
476 427 
476 431 
476 460 
476 465 
476 471 
477 91 
477 336 
477 422 
477 429 
477 476 
478 422 
479 419 
479 422 
479 457 
480 422 
480 424 
481 419 
481 422 
481 462 
482 112 
482 422 
483 300 
483 422 
483 427 
483 459 
483 480 
484 370 
484 422 
485 263 
485 422 
485 429 
485 454 
485 460 
485 475 
485 476 
485 483 
486 292 
486 422 
486 429 
486 454 
486 476 
487 422 
487 447 
487 476 
488 376 
488 422 
489 168 
489 268 
489 422 
489 426 
489 427 
489 465 
490 111 
490 131 
490 207 
490 334 
490 380 
490 384 
490 387 
490 391 
490 422 
491 2 
491 111 
491 156 
491 160 
491 379 
491 422 
491 426 
491 429 
491 460 
492 422 
493 108 
493 422 
494 422 
494 476 
494 489 
495 422 
495 454 
495 476 
495 489 
496 302 
496 422 
497 71 
497 422 
498 299 
498 422 
498 463 
499 415 
499 422 
499 477 
500 71 
500 342 
500 416 
500 422 
500 424 
500 465 
500 476 
500 480 
500 485 
500 489 
500 490 
501 161 
501 223 
501 252 
501 278 
501 299 
501 305 
501 422 
501 426 
502 33 
502 57 
502 70 
502 115 
502 159 
502 316 
502 418 
502 422 
502 424 
502 427 
502 454 
502 459 
502 480 
502 485 
502 494 
503 270 
503 477 
503 488 
503 502 
504 9 
504 239 
504 293 
504 488 
504 499 
505 418 
505 420 
505 431 
505 454 
505 460 
505 476 
505 485 
506 471 
506 489 
506 505 
507 505 
508 376 
508 415 
508 429 
508 454 
508 460 
508 489 
508 505 
509 505 
510 460 
510 476 
510 485 
510 505 
511 505 
512 41 
512 268 
512 289 
512 479 
512 480 
512 498 
512 505 
513 476 
513 505 
513 510 
514 505 
515 426 
515 460 
515 477 
515 485 
515 489 
515 505 
516 505 
517 275 
517 505 
518 333 
518 511 
519 471 
520 147 
520 169 
520 197 
520 223 
520 254 
520 432 
520 436 
520 445 
521 387 
521 520 
522 520 
523 520 
524 38 
524 53 
524 83 
524 108 
524 143 
524 303 
524 381 
524 392 
524 424 
524 431 
524 459 
524 491 
524 520 
525 501 
525 520 
526 355 
526 392 
526 520 
527 223 
528 161 
528 189 
528 223 
528 252 
528 350 
529 155 
529 161 
529 168 
529 175 
529 197 
529 202 
529 223 
529 241 
529 245 
529 250 
529 253 
529 255 
529 435 
530 136 
530 155 
530 158 
530 182 
530 195 
530 197 
530 200 
530 202 
530 213 
530 215 
530 219 
530 223 
530 227 
530 237 
530 241 
530 250 
530 253 
530 254 
530 370 
530 410 
531 165 
531 223 
532 14 
532 223 
533 37 
533 137 
533 138 
533 167 
533 197 
533 211 
533 215 
533 221 
533 223 
533 224 
533 227 
533 235 
533 241 
533 248 
533 251 
533 252 
533 295 
533 349 
533 400 
533 435 
534 223 
534 413 
535 147 
535 223 
535 253 
535 378 
535 385 
536 376 
536 383 
536 476 
537 287 
537 383 
538 268 
539 268 
539 538 
540 268 
540 524 
541 111 
541 268 
542 268 
543 62 
543 65 
543 70 
543 268 
543 316 
543 322 
543 459 
544 268 
545 268 
546 268 
547 111 
547 268 
548 123 
548 124 
548 125 
548 126 
548 128 
548 268 
548 501 
549 268 
550 268 
551 268 
552 268 
553 268 
553 450 
553 550 
554 268 
554 352 
555 268 
556 418 
556 429 
556 431 
556 454 
556 465 
556 476 
556 482 
556 483 
556 489 
556 500 
556 502 
556 506 
556 507 
556 512 
556 516 
557 489 
558 140 
558 489 
559 489 
559 528 
560 476 
560 489 
561 67 
561 429 
561 483 
561 489 
561 508 
562 489 
563 476 
563 489 
564 119 
564 424 
564 427 
564 483 
564 489 
565 127 
565 134 
565 138 
565 144 
565 147 
565 152 
565 155 
565 162 
565 169 
565 197 
565 202 
565 208 
565 215 
565 217 
565 218 
565 219 
565 241 
565 248 
565 255 
565 289 
565 372 
565 374 
565 404 
565 435 
565 489 
566 489 
567 355 
567 432 
567 460 
567 476 
567 485 
567 489 
567 508 
567 510 
568 22 
568 69 
568 489 
568 500 
569 263 
569 454 
569 489 
569 508 
570 490 
571 374 
571 490 
571 528 
572 490 
573 84 
573 114 
573 147 
573 340 
573 344 
573 354 
573 366 
573 490 
574 289 
574 490 
575 490 
576 121 
576 412 
576 490 
576 501 
576 528 
576 535 
577 490 
578 162 
578 335 
578 465 
578 490 
578 491 
578 492 
578 500 
578 567 
579 384 
580 86 
580 384 
580 560 
581 231 
581 403 
582 186 
582 285 
582 289 
582 293 
582 403 
583 150 
583 165 
583 197 
583 218 
583 231 
583 253 
583 289 
583 297 
583 301 
583 308 
583 392 
583 397 
583 403 
583 496 
583 526 
584 403 
585 173 
585 243 
585 403 
586 232 
586 403 
587 231 
587 403 
587 407 
587 586 
588 586 
589 370 
589 586 
590 586 
591 256 
591 586 
592 586 
593 586 
594 586 
595 57 
595 100 
595 108 
595 121 
595 534 
595 586 
596 27 
596 83 
596 586 
597 557 
597 586 
598 524 
599 258 
599 289 
599 524 
599 530 
600 524 
601 108 
601 111 
601 128 
601 327 
601 385 
601 399 
601 524 
602 524 
603 5 
603 459 
603 524 
604 524 
605 162 
605 524 
605 565 
605 601 
606 5 
606 524 
607 138 
607 429 
607 454 
607 524 
608 392 
608 524 
609 392 
609 524 
610 524 
611 289 
611 431 
611 456 
611 475 
611 524 
612 44 
612 123 
612 177 
612 524 
613 524 
614 524 
615 27 
615 524 
616 524 
617 33 
617 524 
617 610 
618 53 
618 108 
618 524 
618 583 
618 605 
619 134 
619 208 
619 218 
619 231 
619 245 
619 419 
619 462 
619 501 
619 524 
620 7 
620 524 
620 555 
621 138 
621 162 
621 213 
621 227 
621 242 
621 305 
621 524 
621 525 
622 370 
622 524 
623 33 
623 53 
623 392 
623 431 
623 459 
623 524 
623 606 
623 607 
623 610 
624 289 
624 475 
624 524 
624 603 
624 623 
625 128 
625 176 
625 197 
625 211 
625 224 
625 243 
625 259 
625 374 
625 524 
625 533 
626 357 
626 607 
626 622 
627 374 
627 622 
628 27 
628 147 
628 385 
629 137 
629 162 
629 213 
629 218 
629 292 
629 338 
629 344 
629 345 
629 365 
629 367 
629 370 
629 374 
629 378 
629 380 
629 385 
629 397 
629 426 
629 445 
629 447 
629 576 
629 577 
629 583 
629 627 
630 111 
630 307 
630 385 
630 583 
630 601 
630 608 
631 335 
631 336 
631 370 
631 385 
631 619 
632 491 
632 631 
633 565 
633 567 
633 631 
634 429 
634 454 
634 493 
634 561 
635 465 
635 476 
635 510 
635 567 
635 626 
635 634 
636 634 
637 111 
637 634 
638 69 
638 400 
638 454 
638 500 
638 569 
638 582 
638 595 
638 634 
638 637 
639 634 
640 429 
640 454 
640 634 
641 477 
641 634 
642 88 
643 642 
644 427 
644 564 
645 427 
646 427 
646 454 
646 483 
646 502 
646 509 
646 561 
646 564 
647 374 
647 420 
647 625 
647 633 
647 646 
648 41 
648 625 
648 646 
649 455 
650 649 
651 257 
651 649 
652 416 
652 649 
653 37 
653 147 
653 335 
653 393 
653 399 
653 406 
653 649 
654 649 
655 108 
655 649 
656 108 
656 402 
656 649 
657 123 
658 657 
659 413 
659 475 
659 657 
660 45 
660 657 
661 611 
661 657 
662 58 
662 111 
662 123 
662 657 
663 287 
663 289 
663 534 
663 611 
663 657 
664 123 
664 662 
665 662 
666 662 
667 662 
668 662 
670 23 
670 419 
670 669 
671 669 
672 671 
673 476 
673 512 
673 671 
674 671 
675 9 
675 124 
675 243 
675 411 
675 450 
675 456 
675 480 
675 548 
675 659 
675 660 
675 663 
675 670 
675 671 
676 671 
677 143 
677 671 
678 123 
678 392 
678 668 
678 671 
679 415 
679 467 
679 468 
679 504 
679 518 
681 680 
682 680 
682 681 
683 680 
683 681 
683 682 
684 108 
684 122 
684 370 
684 559 
684 618 
684 683 
685 279 
686 279 
686 424 
687 279 
687 685 
688 279 
689 247 
689 279 
689 462 
690 532 
691 690 
692 27 
692 87 
692 88 
692 155 
692 159 
692 398 
692 471 
692 609 
692 690 
692 691 
693 690 
694 108 
694 206 
694 690 
695 169 
695 421 
695 447 
695 693 
696 292 
696 392 
696 693 
697 693 
698 693 
699 27 
699 123 
699 692 
699 693 
700 14 
700 693 
701 150 
701 380 
702 115 
702 701 
703 701 
704 701 
705 179 
705 189 
705 432 
705 701 
706 168 
706 503 
706 701 
707 701 
708 701 
709 113 
709 292 
710 113 
711 113 
711 159 
711 695 
712 113 
713 113 
714 111 
714 113 
715 112 
715 113 
716 113 
716 374 
716 397 
716 629 
717 113 
718 59 
718 675 
719 59 
719 81 
720 59 
720 96 
720 284 
721 59 
721 96 
723 147 
723 162 
723 284 
724 137 
724 287 
724 304 
724 501 
724 723 
725 147 
725 284 
725 377 
726 206 
726 284 
727 147 
727 160 
727 197 
727 245 
727 284 
727 491 
727 620 
728 147 
728 284 
728 305 
729 284 
730 284 
730 410 
730 629 
731 206 
731 284 
732 284 
733 162 
733 215 
733 284 
734 284 
734 413 
735 284 
736 147 
736 284 
736 406 
736 692 
737 162 
737 284 
737 349 
737 585 
738 429 
738 454 
738 638 
739 402 
739 619 
739 738 
740 270 
740 485 
740 500 
740 738 
741 738 
742 738 
743 542 
743 738 
743 742 
744 738 
745 402 
745 658 
745 738 
746 550 
746 738 
746 743 
747 625 
747 738 
747 740 
748 421 
748 429 
748 686 
749 429 
750 429 
751 429 
751 510 
751 515 
751 567 
752 429 
752 503 
752 508 
752 620 
752 695 
753 429 
754 331 
754 429 
755 429 
756 429 
756 476 
757 429 
758 429 
758 556 
759 121 
759 429 
759 620 
760 429 
760 454 
761 121 
761 429 
761 620 
762 429 
762 476 
763 429 
763 454 
764 429 
764 601 
765 429 
765 454 
765 561 
765 638 
766 40 
766 87 
766 88 
766 103 
766 392 
766 429 
766 437 
766 447 
766 487 
766 660 
766 670 
767 392 
767 399 
767 609 
768 58 
768 415 
768 767 
769 767 
770 58 
770 767 
771 58 
771 374 
771 583 
771 767 
772 767 
773 7 
773 115 
773 767 
774 7 
774 58 
774 115 
774 767 
774 770 
775 10 
775 58 
775 424 
775 767 
775 770 
776 767 
777 27 
777 30 
777 45 
777 692 
777 705 
777 766 
777 767 
778 115 
778 431 
778 611 
778 633 
778 652 
778 767 
779 7 
779 41 
779 767 
780 58 
780 767 
781 766 
781 767 
782 780 
783 159 
783 692 
783 736 
784 150 
784 710 
784 783 
785 783 
786 692 
786 783 
787 55 
787 115 
787 392 
787 609 
787 652 
788 355 
788 526 
788 787 
789 787 
790 213 
790 252 
790 503 
790 573 
790 619 
791 252 
792 37 
792 252 
792 412 
792 444 
792 530 
792 621 
793 252 
794 252 
795 252 
795 530 
796 252 
796 253 
796 432 
796 435 
796 576 
796 621 
797 286 
797 309 
797 340 
798 309 
799 309 
800 9 
800 30 
800 33 
800 45 
800 103 
800 108 
800 215 
800 382 
800 459 
800 487 
800 694 
801 14 
801 27 
801 30 
801 42 
801 43 
801 44 
801 108 
801 259 
801 800 
802 33 
802 41 
802 374 
802 399 
802 534 
802 633 
802 800 
803 800 
804 370 
804 800 
805 108 
805 684 
805 800 
806 800 
807 800 
808 800 
809 800 
810 800 
811 800 
812 258 
812 800 
813 800 
814 41 
814 629 
814 800 
815 800 
816 5 
816 108 
816 530 
816 800 
817 800 
818 800 
819 800 
820 800 
820 802 
821 800 
822 800 
823 800 
824 618 
824 684 
824 800 
825 27 
825 57 
825 108 
825 502 
825 601 
825 606 
825 800 
826 40 
826 104 
826 460 
826 609 
826 692 
826 775 
826 800 
827 444 
827 447 
827 800 
828 800 
829 57 
829 305 
829 501 
829 800 
830 392 
830 800 
830 816 
831 40 
831 801 
832 392 
832 801 
833 582 
834 47 
834 674 
835 21 
835 462 
835 675 
835 834 
836 21 
836 834 
836 835 
837 381 
837 459 
837 500 
837 834 
838 459 
838 834 
839 47 
839 86 
839 124 
839 459 
840 6 
840 39 
840 47 
841 27 
841 47 
842 415 
842 454 
842 494 
843 278 
843 299 
843 415 
844 263 
844 415 
844 486 
844 557 
844 753 
844 754 
844 765 
845 111 
845 415 
846 415 
846 502 
847 415 
847 465 
847 477 
847 503 
847 510 
847 515 
847 567 
847 762 
847 842 
848 255 
848 724 
848 842 
849 132 
849 137 
849 365 
849 573 
850 137 
850 162 
850 407 
851 137 
851 585 
852 108 
852 137 
852 160 
852 179 
853 137 
853 273 
854 137 
854 147 
854 165 
854 487 
854 632 
854 653 
856 855 
857 13 
857 855 
858 855 
858 857 
859 124 
859 839 
859 856 
860 5 
860 816 
860 856 
861 5 
861 830 
861 856 
861 860 
862 554 
862 856 
862 861 
863 856 
863 859 
863 861 
863 862 
864 5 
864 75 
864 734 
864 830 
864 856 
864 860 
864 861 
864 862 
865 123 
865 162 
865 206 
865 582 
865 665 
866 123 
867 123 
868 123 
869 123 
870 123 
870 835 
871 123 
872 123 
873 123 
873 222 
873 664 
873 678 
874 123 
874 191 
874 370 
874 868 
875 123 
875 206 
876 163 
877 876 
878 491 
878 601 
879 565 
879 878 
880 601 
881 601 
882 601 
882 633 
883 601 
884 530 
884 601 
885 206 
885 476 
885 601 
886 601 
887 256 
887 601 
888 392 
888 601 
888 618 
889 601 
890 503 
890 601 
891 336 
891 595 
892 336 
892 460 
893 267 
893 270 
893 336 
894 336 
895 270 
895 336 
895 705 
896 111 
896 270 
896 336 
896 890 
896 895 
897 853 
897 891 
898 270 
898 381 
898 453 
898 891 
899 416 
900 71 
900 416 
901 416 
902 416 
902 564 
902 740 
903 71 
903 416 
903 453 
903 578 
904 416 
904 763 
905 159 
905 202 
905 398 
905 692 
906 30 
906 45 
906 766 
906 905 
907 45 
907 905 
908 778 
908 905 
909 45 
909 159 
909 905 
910 14 
910 45 
910 202 
910 700 
910 905 
911 907 
912 147 
912 162 
913 912 
914 273 
914 370 
914 912 
915 239 
915 287 
915 434 
915 892 
915 894 
915 912 
916 147 
916 630 
916 632 
917 147 
917 257 
917 392 
918 147 
918 602 
919 132 
919 147 
919 162 
919 197 
919 202 
919 242 
919 253 
919 525 
919 583 
919 584 
920 147 
921 8 
921 147 
921 197 
921 225 
921 246 
921 449 
921 625 
922 147 
922 160 
922 162 
922 197 
922 245 
922 367 
922 491 
922 727 
923 256 
924 256 
924 258 
924 259 
924 289 
924 583 
924 727 
924 854 
925 216 
925 256 
925 810 
926 256 
926 257 
926 287 
927 256 
927 258 
927 316 
927 321 
927 323 
928 231 
928 242 
928 256 
928 257 
928 260 
928 273 
928 289 
928 565 
928 583 
929 256 
929 258 
929 491 
929 629 
930 256 
930 258 
931 256 
931 258 
932 256 
933 256 
934 256 
935 256 
936 206 
936 256 
936 258 
936 387 
936 391 
936 630 
937 256 
938 256 
939 256 
939 258 
940 176 
940 220 
940 242 
940 256 
940 258 
940 565 
940 577 
940 727 
940 854 
940 919 
941 256 
941 292 
942 256 
943 256 
943 258 
943 629 
943 936 
944 256 
944 257 
944 287 
944 292 
944 527 
945 256 
945 936 
945 940 
946 111 
946 256 
946 258 
947 21 
947 256 
947 653 
948 256 
948 258 
948 439 
948 629 
949 475 
949 659 
950 659 
950 663 
951 659 
951 660 
951 950 
952 337 
952 370 
952 659 
952 934 
953 431 
953 548 
953 659 
953 660 
953 663 
954 258 
954 289 
954 475 
954 778 
955 289 
955 475 
955 611 
955 624 
955 755 
955 826 
955 954 
956 374 
956 475 
956 485 
956 633 
956 778 
956 831 
957 289 
957 475 
957 778 
958 289 
958 475 
958 778 
959 454 
959 462 
959 475 
959 558 
960 475 
961 108 
962 108 
963 108 
963 404 
963 504 
964 108 
965 108 
965 962 
966 108 
966 370 
967 8 
967 108 
967 128 
967 270 
967 566 
967 621 
967 768 
967 803 
967 814 
967 819 
967 828 
967 882 
967 918 
968 108 
969 108 
970 108 
971 108 
971 630 
971 684 
971 803 
971 805 
971 926 
972 108 
973 108 
974 77 
974 108 
974 463 
975 108 
976 108 
977 108 
977 967 
978 108 
979 961 
980 961 
981 111 
981 432 
981 940 
981 961 
982 476 
983 476 
983 485 
983 748 
984 476 
985 476 
985 494 
985 500 
985 568 
986 305 
986 476 
986 609 
986 675 
986 953 
987 30 
987 40 
987 45 
987 159 
987 289 
987 398 
987 450 
987 476 
987 909 
987 979 
988 454 
988 476 
988 561 
989 45 
989 318 
989 476 
990 476 
990 510 
990 751 
991 476 
991 775 
992 476 
992 550 
993 476 
994 476 
995 459 
995 476 
996 476 
996 494 
996 556 
996 563 
997 33 
997 243 
997 476 
997 839 
997 864 
997 950 
997 974 
998 263 
998 426 
998 476 
998 485 
998 515 
998 557 
998 638 
998 751 
999 420 
999 447 
999 453 
999 458 
999 476 
999 512 
999 558 
1000 298 
1000 476 
1000 578 
1000 706 
1001 27 
1001 34 
1001 35 
1001 392 
1001 476 
1002 117 
1002 474 
1002 476 
1002 678 
1002 869 
1002 873 
1003 392 
1003 978 
1004 392 
1004 413 
1004 710 
1004 784 
1005 392 
1005 664 
1006 392 
1007 392 
1007 766 
1007 959 
1008 392 
1009 392 
1010 392 
1010 498 
1010 788 
1010 854 
1011 34 
1011 392 
1012 392 
1013 392 
1013 1012 
1014 392 
1014 419 
1014 500 
1014 903 
1014 999 
1015 389 
1015 392 
1015 826 
1016 392 
1017 392 
1018 392 
1019 392 
1019 512 
1020 57 
1020 392 
1021 104 
1021 392 
1021 609 
1021 688 
1022 292 
1022 392 
1023 392 
1024 392 
1025 14 
1025 392 
1025 967 
1026 159 
1026 295 
1026 392 
1026 459 
1026 625 
1027 57 
1027 392 
1027 777 
1028 392 
1028 447 
1028 454 
1028 692 
1028 695 
1028 696 
1028 766 
1028 997 
1029 392 
1030 273 
1030 392 
1031 39 
1031 392 
1032 40 
1032 392 
1033 542 
1034 542 
1034 553 
1034 744 
1034 746 
1035 542 
1035 545 
1035 746 
1036 542 
1037 1034 
1038 553 
1038 1034 
1039 684 
1039 962 
1039 967 
1039 971 
1040 553 
1040 1039 
1041 962 
1041 1039 
1042 553 
1042 1039 
1042 1041 
1043 1039 
1043 1042 
1044 465 
1044 625 
1044 962 
1046 1045 
1047 1045 
1047 1046 
1048 477 
1048 844 
1048 847 
1049 111 
1049 270 
1049 326 
1049 366 
1049 477 
1049 481 
1049 740 
1049 1048 
1050 91 
1050 344 
1050 460 
1050 477 
1050 499 
1050 706 
1050 762 
1050 790 
1051 257 
1051 321 
1051 465 
1052 257 
1053 257 
1053 289 
1053 595 
1054 257 
1054 611 
1054 624 
1054 955 
1055 287 
1056 65 
1056 287 
1056 838 
1057 287 
1058 287 
1059 287 
1060 287 
1060 289 
1061 287 
1061 292 
1061 629 
1062 287 
1062 653 
1063 287 
1064 287 
1065 287 
1066 287 
1067 287 
1067 440 
1068 45 
1068 287 
1069 287 
1070 287 
1071 287 
1071 608 
1072 237 
1072 287 
1072 450 
1073 287 
1074 287 
1074 412 
1075 287 
1075 533 
1075 653 
1076 287 
1077 287 
1077 397 
1078 287 
1078 915 
1078 926 
1079 287 
1079 291 
1080 287 
1081 287 
1082 287 
1083 287 
1084 287 
1085 287 
1086 287 
1087 287 
1088 287 
1089 287 
1089 370 
1090 287 
1091 287 
1091 365 
1091 633 
1092 84 
1092 287 
1093 287 
1094 103 
1094 138 
1094 259 
1094 287 
1095 287 
1095 439 
1096 287 
1097 1058 
1098 5 
1098 839 
1099 839 
1099 859 
1100 365 
1100 479 
1101 479 
1101 512 
1102 479 
1103 479 
1104 121 
1104 260 
1104 302 
1104 423 
1104 479 
1104 583 
1105 346 
1107 1091 
1107 1106 
1108 419 
1108 1107 
1109 620 
1109 774 
1109 1025 
1109 1107 
1110 374 
1110 633 
1110 1107 
1111 1025 
1111 1107 
1112 1107 
1113 1107 
1114 565 
1114 619 
1114 850 
1115 159 
1115 225 
1115 434 
1115 609 
1115 688 
1115 777 
1115 1013 
1115 1021 
1116 159 
1117 159 
1117 202 
1118 159 
1119 14 
1119 159 
1119 202 
1120 159 
1120 202 
1121 370 
1121 491 
1121 727 
1121 922 
1122 528 
1123 528 
1123 1008 
1124 528 
1125 528 
1126 528 
1126 566 
1127 528 
1127 827 
1128 528 
1129 528 
1130 438 
1130 528 
1130 621 
1130 691 
1131 528 
1131 566 
1132 83 
1132 162 
1132 274 
1132 487 
1132 528 
1132 583 
1132 919 
1133 143 
1133 162 
1133 176 
1133 274 
1133 301 
1133 528 
1133 583 
1133 919 
1133 1122 
1134 162 
1134 220 
1134 528 
1134 583 
1134 630 
1134 705 
1134 940 
1135 56 
1135 161 
1135 181 
1135 295 
1136 161 
1136 298 
1136 303 
1136 340 
1136 491 
1136 567 
1136 583 
1136 628 
1136 922 
1137 161 
1137 188 
1137 206 
1137 243 
1137 337 
1137 413 
1137 459 
1137 474 
1137 766 
1138 162 
1139 162 
1139 625 
1140 162 
1141 162 
1142 162 
1143 162 
1143 227 
1143 295 
1143 412 
1143 578 
1143 1136 
1144 162 
1145 75 
1145 145 
1145 162 
1145 171 
1145 202 
1145 222 
1145 246 
1145 253 
1145 406 
1145 583 
1145 630 
1145 854 
1145 1132 
1146 111 
1146 162 
1146 206 
1146 447 
1146 692 
1146 792 
1147 37 
1147 162 
1147 216 
1147 227 
1147 295 
1147 792 
1148 75 
1148 162 
1148 206 
1148 865 
1149 60 
1149 133 
1149 162 
1149 197 
1149 208 
1149 349 
1149 400 
1149 406 
1149 464 
1149 521 
1149 525 
1150 162 
1150 406 
1151 162 
1151 853 
1151 1135 
1152 432 
1152 582 
1153 447 
1153 535 
1153 582 
1153 1131 
1154 370 
1154 582 
1155 434 
1155 909 
1155 1029 
1155 1115 
1156 71 
1156 413 
1156 432 
1156 609 
1156 1115 
1157 434 
1158 583 
1159 92 
1159 583 
1159 633 
1160 583 
1161 583 
1162 583 
1163 374 
1163 565 
1163 583 
1163 633 
1164 583 
1164 629 
1165 227 
1165 306 
1165 370 
1165 578 
1165 583 
1165 1136 
1166 165 
1167 454 
1167 569 
1167 638 
1168 508 
1168 1081 
1169 508 
1170 460 
1170 485 
1170 508 
1170 561 
1170 998 
1171 84 
1171 453 
1171 529 
1172 503 
1172 529 
1172 1132 
1173 231 
1173 242 
1173 305 
1173 529 
1173 530 
1173 565 
1173 736 
1173 854 
1173 910 
1173 919 
1174 530 
1175 530 
1176 530 
1177 419 
1177 530 
1177 1051 
1178 231 
1178 289 
1178 530 
1179 530 
1180 530 
1181 1098 
1182 1098 
1183 53 
1183 1098 
1183 1182 
1184 5 
1184 176 
1184 718 
1184 830 
1184 860 
1184 861 
1184 864 
1184 1032 
1184 1098 
1185 40 
1185 133 
1185 169 
1185 196 
1185 202 
1185 910 
1185 1030 
1185 1116 
1186 554 
1186 1185 
1187 1185 
1188 14 
1188 30 
1188 202 
1188 424 
1188 700 
1188 910 
1188 1117 
1188 1119 
1188 1120 
1188 1185 
1189 169 
1189 350 
1189 424 
1189 483 
1189 502 
1189 625 
1189 759 
1190 14 
1190 169 
1190 1001 
1190 1011 
1190 1149 
1191 329 
1192 71 
1192 1049 
1192 1078 
1193 1049 
1194 1049 
1195 1049 
1196 289 
1197 115 
1197 289 
1197 633 
1197 967 
1198 289 
1198 849 
1199 289 
1200 289 
1201 289 
1202 289 
1203 289 
1203 1054 
1204 289 
1204 620 
1205 261 
1205 289 
1205 720 
1206 289 
1207 46 
1207 289 
1207 838 
1208 10 
1208 258 
1208 273 
1208 289 
1208 1136 
1209 289 
1210 289 
1210 1112 
1211 289 
1211 431 
1211 778 
1212 289 
1213 289 
1214 289 
1214 533 
1214 914 
1215 289 
1215 376 
1216 289 
1216 778 
1216 1215 
1217 289 
1218 289 
1219 289 
1220 289 
1221 289 
1222 289 
1223 289 
1223 370 
1223 679 
1223 959 
1224 289 
1225 289 
1225 802 
1226 258 
1226 289 
1227 216 
1227 289 
1227 295 
1228 289 
1228 361 
1228 468 
1228 518 
1229 289 
1230 928 
1231 4 
1231 826 
1231 928 
1232 243 
1232 456 
1232 675 
1233 675 
1234 277 
1234 675 
1234 1052 
1235 675 
1235 1223 
1236 675 
1236 1081 
1236 1193 
1237 627 
1237 675 
1237 1051 
1238 675 
1238 695 
1238 766 
1238 796 
1238 953 
1239 110 
1239 228 
1239 456 
1239 462 
1239 607 
1239 840 
1239 1232 
1240 456 
1240 1239 
1241 115 
1241 239 
1241 419 
1241 453 
1241 462 
1241 1171 
1242 70 
1242 419 
1242 741 
1243 419 
1244 1177 
1245 1177 
1246 417 
1246 1177 
1247 355 
1247 526 
1247 788 
1247 1010 
1248 258 
1249 258 
1249 1225 
1250 258 
1251 258 
1251 340 
1251 439 
1252 258 
1253 258 
1254 258 
1255 56 
1255 258 
1255 413 
1256 258 
1256 967 
1257 258 
1258 258 
1259 258 
1259 672 
1260 258 
1261 258 
1262 258 
1262 849 
1262 1198 
1263 258 
1264 258 
1265 258 
1265 554 
1266 258 
1266 565 
1266 629 
1267 258 
1268 258 
1268 1077 
1269 258 
1270 258 
1271 258 
1272 258 
1273 258 
1273 865 
1274 258 
1274 565 
1275 258 
1275 565 
1275 629 
1276 258 
1276 531 
1277 258 
1278 258 
1279 258 
1280 258 
1281 258 
1281 397 
1281 629 
1281 733 
1282 258 
1282 967 
1283 14 
1283 258 
1283 424 
1283 910 
1283 1120 
1283 1188 
1284 258 
1284 412 
1285 258 
1286 548 
1286 735 
1287 897 
1287 1151 
1287 1286 
1288 1286 
1289 1286 
1290 1288 
1291 1242 
1292 1242 
1293 1100 
1293 1242 
1294 361 
1294 1044 
1294 1242 
1294 1244 
1295 1242 
1296 111 
1296 114 
1296 292 
1296 956 
1297 114 
1298 56 
1298 114 
1298 130 
1298 132 
1298 220 
1298 251 
1298 273 
1298 408 
1298 1135 
1299 56 
1299 111 
1299 114 
1299 130 
1299 221 
1299 370 
1299 535 
1299 1032 
1299 1266 
1300 580 
1300 991 
1300 1172 
1301 496 
1301 1127 
1302 1127 
1303 1127 
1304 1127 
1305 117 
1305 228 
1305 275 
1305 398 
1305 661 
1305 953 
1305 986 
1307 1306 
1308 176 
1308 816 
1308 861 
1308 864 
1309 176 
1309 692 
1310 176 
1310 220 
1311 176 
1312 176 
1312 376 
1312 1145 
1313 176 
1314 76 
1314 78 
1314 81 
1314 86 
1314 96 
1315 96 
1316 111 
1316 270 
1316 326 
1317 270 
1317 967 
1317 1316 
1318 270 
1319 270 
1319 365 
1320 270 
1320 1316 
1321 270 
1321 1050 
1322 270 
1323 270 
1324 23 
1324 270 
1324 307 
1324 862 
1324 1214 
1325 270 
1325 273 
1326 270 
1326 365 
1326 421 
1327 270 
1327 626 
1328 270 
1328 626 
1328 1327 
1329 370 
1329 768 
1329 792 
1329 1319 
1330 33 
1330 77 
1330 623 
1331 77 
1331 81 
1332 77 
1333 361 
1334 361 
1334 518 
1334 568 
1334 1051 
1334 1245 
1335 361 
1335 518 
1336 361 
1336 1244 
1337 361 
1338 361 
1338 1019 
1339 277 
1339 361 
1340 361 
1340 995 
1341 238 
1341 298 
1341 361 
1341 629 
1342 361 
1343 743 
1344 743 
1344 1336 
1345 398 
1345 743 
1346 743 
1347 531 
1348 531 
1349 1156 
1350 136 
1350 295 
1350 1011 
1350 1349 
1351 426 
1351 647 
1351 648 
1352 230 
1352 647 
1353 1352 
1354 500 
1354 521 
1354 1136 
1355 83 
1355 177 
1356 67 
1356 561 
1357 561 
1358 111 
1358 561 
1358 638 
1359 483 
1359 502 
1360 483 
1361 483 
1362 76 
1362 444 
1362 483 
1362 580 
1363 439 
1364 439 
1365 439 
1366 439 
1367 439 
1368 184 
1369 1368 
1370 1368 
1372 1371 
1373 1371 
1375 1374 
1376 848 
1376 1374 
1377 278 
1377 459 
1378 459 
1378 873 
1379 292 
1379 459 
1380 459 
1381 459 
1382 34 
1382 459 
1382 826 
1382 1021 
1383 459 
1383 603 
1383 802 
1384 1104 
1385 102 
1385 503 
1385 1321 
1385 1384 
1386 1384 
1387 251 
1387 535 
1387 1104 
1387 1384 
1388 423 
1388 1384 
1388 1387 
1389 1384 
1390 1051 
1390 1385 
1390 1386 
1390 1387 
1390 1389 
1392 1391 
1393 1151 
1393 1391 
1394 865 
1394 1151 
1394 1287 
1394 1391 
1395 305 
1395 1393 
1396 1133 
1396 1287 
1396 1393 
1397 132 
1397 150 
1397 573 
1397 604 
1398 604 
1398 1169 
1398 1397 
1399 6 
1399 103 
1399 1397 
1400 491 
1400 573 
1401 397 
1401 565 
1401 710 
1401 784 
1401 1004 
1401 1189 
1402 308 
1402 397 
1402 728 
1403 397 
1404 397 
1405 397 
1406 397 
1406 1004 
1407 397 
1408 397 
1409 397 
1410 397 
1411 397 
1411 629 
1411 854 
1412 298 
1412 374 
1412 397 
1412 629 
1413 365 
1413 461 
1414 365 
1414 852 
1415 503 
1415 504 
1415 1050 
1415 1321 
1416 259 
1416 503 
1416 504 
1416 1050 
1416 1321 
1417 1206 
1417 1321 
1418 503 
1418 898 
1418 1050 
1418 1321 
1419 293 
1419 1050 
1419 1321 
1420 1216 
1421 847 
1421 1216 
1422 1420 
1423 503 
1423 898 
1423 1418 
1424 503 
1425 503 
1425 1050 
1426 450 
1426 503 
1426 504 
1427 60 
1427 326 
1427 503 
1427 896 
1427 1194 
1427 1195 
1428 237 
1428 468 
1428 478 
1428 503 
1428 504 
1428 605 
1428 677 
1429 462 
1429 503 
1429 1050 
1430 1154 
1430 1189 
1431 1154 
1433 1432 
1434 1432 
1435 398 
1436 398 
1436 713 
1437 398 
1438 398 
1438 407 
1438 1135 
1438 1385 
1439 71 
1439 111 
1439 597 
1439 637 
1439 904 
1440 387 
1440 945 
1440 967 
1440 1329 
1441 967 
1442 967 
1443 27 
1443 48 
1443 87 
1443 720 
1443 967 
1444 967 
1445 421 
1445 967 
1446 967 
1446 1140 
1447 967 
1448 967 
1449 967 
1450 967 
1451 967 
1452 967 
1453 967 
1454 967 
1455 967 
1456 967 
1457 967 
1458 618 
1458 967 
1459 274 
1459 713 
1459 967 
1459 1369 
1460 111 
1460 967 
1461 967 
1461 1166 
1462 699 
1462 967 
1463 629 
1463 967 
1464 967 
1465 967 
1466 919 
1467 919 
1468 854 
1468 919 
1469 292 
1470 292 
1471 55 
1471 292 
1472 292 
1472 295 
1472 444 
1473 292 
1473 303 
1473 374 
1473 533 
1474 292 
1474 1156 
1475 292 
1476 292 
1477 292 
1477 629 
1478 292 
1479 292 
1480 292 
1481 292 
1482 292 
1483 292 
1484 292 
1485 292 
1486 292 
1487 292 
1488 292 
1489 292 
1489 1038 
1490 111 
1490 534 
1490 548 
1490 915 
1491 370 
1491 548 
1492 718 
1492 816 
1492 864 
1493 816 
1493 1184 
1493 1492 
1494 5 
1494 816 
1494 861 
1494 864 
1495 860 
1495 861 
1495 864 
1495 1184 
1496 860 
1496 861 
1496 864 
1496 1494 
1496 1495 
1497 860 
1497 1092 
1497 1189 
1498 245 
1498 399 
1498 1091 
1498 1109 
1498 1111 
1499 128 
1499 399 
1500 399 
1500 1223 
1501 399 
1501 802 
1502 653 
1503 374 
1503 565 
1503 626 
1503 653 
1503 1299 
1504 638 
1505 638 
1506 638 
1507 638 
1507 1450 
1508 71 
1508 638 
1509 638 
1509 1038 
1509 1239 
1510 400 
1511 400 
1512 400 
1513 400 
1514 1294 
1515 70 
1515 115 
1515 417 
1515 1293 
1515 1294 
1515 1295 
1516 1044 
1517 499 
1517 563 
1517 862 
1517 1050 
1518 563 
1518 1005 
1519 563 
1521 1520 
1522 14 
1522 202 
1522 910 
1522 1188 
1523 14 
1523 30 
1523 202 
1523 700 
1523 910 
1523 1117 
1523 1120 
1523 1522 
1524 14 
1524 910 
1524 1117 
1524 1120 
1524 1173 
1524 1283 
1524 1522 
1524 1523 
1525 1183 
1526 53 
1527 53 
1527 1189 
1528 53 
1528 1030 
1529 775 
1530 1529 
1531 1529 
1532 689 
1532 692 
1532 775 
1532 1530 
1533 775 
1534 775 
1535 370 
1536 370 
1536 1251 
1537 370 
1538 370 
1539 370 
1540 153 
1540 370 
1541 370 
1542 370 
1542 724 
1543 370 
1544 370 
1545 370 
1546 370 
1546 835 
1546 915 
1546 1192 
1547 370 
1548 255 
1548 335 
1548 370 
1548 374 
1548 632 
1548 633 
1548 971 
1549 370 
1549 453 
1550 370 
1551 370 
1552 124 
1552 370 
1553 370 
1554 370 
1555 370 
1555 942 
1556 370 
1557 370 
1558 370 
1559 370 
1560 370 
1560 594 
1561 370 
1561 684 
1562 370 
1563 370 
1564 370 
1565 370 
1566 370 
1566 1046 
1566 1047 
1567 370 
1568 370 
1569 370 
1570 370 
1571 370 
1572 370 
1573 370 
1574 370 
1575 370 
1576 370 
1577 370 
1578 370 
1579 370 
1579 921 
1580 370 
1581 370 
1582 370 
1583 206 
1583 370 
1583 1459 
1584 370 
1585 370 
1586 370 
1587 370 
1587 1187 
1588 370 
1589 370 
1590 370 
1591 370 
1592 370 
1593 111 
1593 306 
1593 370 
1594 915 
1595 914 
1595 1594 
1596 1594 
1597 1595 
1598 293 
1599 1598 
1600 293 
1600 865 
1600 1148 
1601 293 
1602 293 
1603 293 
1604 293 
1605 128 
1605 245 
1605 293 
1606 293 
1606 853 
1606 1151 
1607 293 
1607 432 
1607 796 
1607 1237 
1608 293 
1608 1287 
1608 1289 
1608 1588 
1609 293 
1609 447 
1609 1287 
1609 1289 
1610 293 
1611 163 
1611 293 
1611 735 
1612 293 
1612 875 
1612 1148 
1613 206 
1613 1152 
1614 206 
1614 303 
1615 206 
1616 37 
1616 168 
1616 199 
1616 206 
1616 211 
1616 413 
1617 550 
1618 451 
1619 1618 
1620 1618 
1620 1619 
1621 1536 
1621 1608 
1622 450 
1622 451 
1622 458 
1622 1608 
1623 635 
1623 1081 
1624 132 
1624 917 
1624 1237 
1625 1624 
1626 303 
1626 533 
1626 781 
1626 1624 
1627 1625 
1628 684 
1629 684 
1630 684 
1630 971 
1631 684 
1631 965 
1631 1043 
1632 684 
1632 695 
1633 684 
1634 684 
1635 684 
1636 565 
1636 618 
1636 684 
1637 684 
1638 111 
1638 879 
1638 971 
1639 40 
1639 971 
1640 971 
1641 971 
1642 1025 
1643 1025 
1643 1296 
1644 1025 
1644 1296 
1646 1645 
1647 777 
1648 110 
1648 610 
1648 777 
1648 1210 
1649 777 
1649 1648 
1650 37 
1650 145 
1650 150 
1650 234 
1650 705 
1650 1534 
1650 1616 
1651 705 
1653 168 
1653 211 
1653 261 
1653 295 
1653 1030 
1653 1650 
1654 1653 
1655 1653 
1656 1653 
1657 111 
1657 216 
1657 295 
1657 578 
1657 635 
1657 1151 
1657 1650 
1657 1653 
1658 211 
1658 235 
1658 241 
1658 255 
1658 295 
1658 407 
1658 533 
1658 625 
1658 1268 
1658 1626 
1658 1653 
1658 1657 
1659 92 
1659 211 
1659 241 
1659 625 
1660 295 
1661 273 
1661 295 
1662 92 
1662 295 
1663 187 
1663 295 
1663 527 
1663 533 
1663 1298 
1664 295 
1664 1658 
1665 295 
1665 670 
1666 295 
1667 295 
1668 37 
1668 295 
1668 1308 
1669 295 
1669 318 
1670 1143 
1671 27 
1671 692 
1671 699 
1671 1462 
1672 27 
1673 27 
1674 27 
1675 27 
1675 769 
1676 27 
1677 27 
1677 618 
1678 27 
1678 45 
1678 692 
1679 55 
1680 55 
1681 259 
1681 527 
1682 44 
1682 259 
1682 594 
1682 1150 
1683 273 
1683 633 
1683 1609 
1684 121 
1684 595 
1685 595 
1685 620 
1685 1206 
1685 1417 
1686 1026 
1687 576 
1687 1026 
1688 1026 
1689 179 
1689 1026 
1690 1026 
1691 920 
1692 920 
1693 301 
1693 307 
1693 920 
1693 947 
1693 1145 
1694 1223 
1695 1223 
1696 1223 
1697 1500 
1698 44 
1698 294 
1698 374 
1698 424 
1698 921 
1699 374 
1700 374 
1700 633 
1701 374 
1702 374 
1703 374 
1704 335 
1704 374 
1705 111 
1705 374 
1705 633 
1707 1706 
1708 1707 
1709 263 
1709 514 
1709 569 
1710 853 
1711 237 
1711 273 
1711 533 
1712 273 
1713 273 
1714 273 
1715 138 
1715 224 
1715 273 
1715 532 
1715 1657 
1716 30 
1717 30 
1717 111 
1717 609 
1717 692 
1718 30 
1718 1068 
1719 30 
1720 30 
1720 766 
1721 30 
1721 766 
1722 30 
1722 831 
1722 987 
1722 1417 
1722 1524 
1722 1685 
1722 1720 
1723 1189 
1724 1189 
1725 1189 
1726 420 
1727 460 
1727 752 
1728 718 
1728 863 
1728 1492 
1729 502 
1729 829 
1729 910 
1729 1523 
1730 283 
1731 1668 
1732 963 
1732 1668 
1733 603 
1733 618 
1733 623 
1733 1231 
1734 1324 
1735 1324 
1736 861 
1736 1134 
1737 354 
1737 861 
1738 103 
1738 1456 
1738 1698 
1739 143 
1739 465 
1739 746 
1740 465 
1740 1739 
1741 376 
1741 465 
1741 512 
1741 556 
1741 1739 
1742 894 
1743 894 
1744 75 
1744 960 
1744 1239 
1744 1357 
1745 1130 
1746 1130 
1746 1239 
1747 1130 
1748 1130 
1749 1130 
1750 742 
1751 619 
1751 1750 
1752 1750 
1753 742 
1753 1750 
1754 553 
1754 746 
1754 1343 
1754 1753 
1755 485 
1755 620 
1755 748 
1755 1326 
1756 56 
1756 91 
1756 150 
1756 578 
1756 628 
1757 56 
1757 424 
1758 56 
1758 580 
1758 1545 
1759 56 
1759 857 
1761 1760 
1762 376 
1762 1301 
1762 1302 
1762 1304 
1763 421 
1764 421 
1765 421 
1765 1680 
1766 421 
1767 421 
1767 1764 
1768 1657 
1769 216 
1770 216 
1771 216 
1771 224 
1772 1027 
1773 1027 
1774 463 
1774 1027 
1774 1241 
1775 1184 
1776 1184 
1777 1184 
1778 1184 
1779 1184 
1780 486 
1781 486 
1782 997 
1783 997 
1784 297 
1784 997 
1785 5 
1785 115 
1785 447 
1785 997 
1785 1518 
1786 463 
1786 997 
1787 972 
1787 997 
1788 997 
1789 997 
1790 997 
1791 997 
1792 997 
1793 694 
1793 997 
1794 450 
1794 1793 
1795 1244 
1795 1246 
1796 1246 
1797 1458 
1797 1648 
1798 1797 
1799 1797 
1800 181 
1800 1458 
1800 1772 
1800 1798 
1802 493 
1802 1801 
1803 377 
1804 1224 
1805 1224 
1806 670 
1806 764 
1806 1231 
1806 1734 
1807 402 
1807 1287 
1808 402 
1808 1156 
1809 128 
1809 402 
1810 402 
1811 402 
1812 402 
1813 402 
1814 402 
1815 778 
1817 112 
1817 715 
1817 1816 
1818 112 
1818 1670 
1818 1817 
1819 1134 
1819 1693 
1820 1693 
1821 733 
1821 1134 
1821 1145 
1821 1315 
1822 733 
1823 733 
1824 733 
1825 873 
1826 1146 
1828 1730 
1828 1827 
1829 1827 
1829 1828 
1830 1828 
1831 219 
1831 387 
1831 576 
1831 1676 
1833 487 
1834 67 
1835 111 
1835 1802 
1836 71 
1836 497 
1836 1802 
1837 1802 
1838 428 
1838 739 
1838 746 
1838 1802 
1839 423 
1840 275 
1841 633 
1841 911 
1841 1650 
1842 163 
1842 1289 
1842 1841 
1843 598 
1843 626 
1843 633 
1843 1623 
1843 1780 
1844 633 
1845 41 
1845 633 
1846 633 
1846 917 
1847 633 
1848 633 
1848 1774 
1849 633 
1850 9 
1850 553 
1850 746 
1850 1038 
1851 553 
1851 754 
1851 1157 
1852 553 
1853 553 
1854 553 
1855 33 
1855 453 
1855 719 
1856 33 
1856 318 
1857 33 
1857 111 
1857 810 
1858 33 
1858 540 
1859 285 
1859 474 
1860 710 
1860 784 
1860 940 
1860 1004 
1860 1401 
1861 220 
1862 221 
1863 128 
1863 533 
1863 594 
1864 533 
1864 1166 
1865 533 
1866 533 
1867 629 
1867 1134 
1868 185 
1868 629 
1868 1134 
1869 629 
1870 629 
1871 629 
1872 630 
1872 916 
1873 111 
1873 630 
1873 916 
1873 1772 
1874 630 
1875 630 
1876 134 
1876 142 
1876 225 
1876 249 
1876 254 
1876 625 
1876 630 
1876 1616 
1877 1874 
1878 1874 
1879 444 
1879 827 
1880 444 
1881 862 
1881 1394 
1882 862 
1883 554 
1884 554 
1885 554 
1886 104 
1886 554 
1886 589 
1887 554 
1888 554 
1889 554 
1890 554 
1891 554 
1892 554 
1893 554 
1894 554 
1895 554 
1895 1137 
1896 554 
1897 504 
1897 1050 
1898 504 
1898 695 
1898 766 
1899 504 
1900 381 
1900 450 
1901 381 
1902 381 
1902 747 
1903 765 
1903 835 
1904 222 
1905 746 
1906 128 
1906 746 
1907 746 
1907 1038 
1908 746 
1908 1038 
1909 746 
1909 1038 
1910 1237 
1910 1394 
1911 1237 
1911 1394 
1911 1910 
1912 1237 
1912 1394 
1912 1910 
1913 1910 
1914 1910 
1915 298 
1915 880 
1915 1165 
1916 1147 
1917 852 
1917 1147 
1918 1147 
1919 462 
1919 463 
1919 1794 
1920 412 
1921 412 
1922 412 
1923 412 
1924 412 
1925 412 
1926 412 
1927 412 
1928 412 
1929 86 
1929 115 
1929 272 
1929 450 
1929 560 
1929 1300 
1929 1362 
1929 1758 
1930 580 
1930 1929 
1931 580 
1931 1929 
1932 580 
1932 1929 
1933 580 
1933 1411 
1933 1929 
1934 1929 
1935 580 
1935 1929 
1936 1530 
1936 1758 
1937 86 
1937 560 
1937 1300 
1937 1362 
1937 1758 
1937 1931 
1937 1932 
1937 1933 
1937 1935 
1938 1545 
1938 1758 
1938 1934 
1939 299 
1939 740 
1940 278 
1940 299 
1941 299 
1942 299 
1942 1941 
1943 299 
1944 278 
1944 299 
1944 620 
1944 1685 
1944 1939 
1946 1945 
1948 1947 
1949 1947 
1950 1459 
1951 565 
1952 565 
1953 565 
1954 565 
1955 71 
1955 565 
1956 565 
1956 959 
1957 565 
1957 959 
1958 565 
1959 453 
1959 565 
1960 1956 
1961 1132 
1961 1956 
1962 1956 
1963 1956 
1964 1582 
1965 654 
1966 1004 
1967 1966 
1968 1225 
1969 942 
1969 1225 
1969 1727 
1970 499 
1970 1899 
1971 465 
1971 512 
1971 518 
1972 512 
1972 847 
1973 512 
1974 512 
1975 512 
1975 715 
1975 1972 
1977 331 
1977 1976 
1978 1976 
1979 2 
1979 331 
1979 471 
1979 543 
1979 1234 
1979 1850 
1979 1977 
1980 902 
1980 1851 
1980 1977 
1981 539 
1981 1977 
1982 539 
1982 1977 
1982 1978 
1983 65 
1983 1977 
1984 58 
1984 1029 
1984 1122 
1984 1132 
1984 1133 
1984 1155 
1984 1237 
1985 897 
1985 1155 
1985 1237 
1986 902 
1987 1974 
1988 1974 
1989 942 
1990 942 
1991 1468 
1992 453 
1992 1239 
1993 1240 
1993 1509 
1994 535 
1994 619 
1995 915 
1996 915 
1997 305 
1997 501 
1997 915 
1997 1192 
1998 915 
1998 995 
1998 1192 
1999 915 
2000 915 
2001 300 
2001 413 
2002 300 
2003 300 
2003 535 
2005 1501 
2005 2004 
2006 2004 
2007 224 
2007 1756 
2008 224 
2009 1616 
2010 686 
2010 984 
2011 424 
2012 424 
2013 450 
2013 492 
2014 450 
2014 451 
2014 466 
2015 149 
2015 450 
2016 450 
2016 466 
2017 2 
2017 57 
2017 238 
2017 766 
2018 57 
2019 57 
2020 57 
2021 57 
2022 57 
2023 57 
2024 1148 
2025 102 
2025 576 
2025 865 
2025 1148 
2026 1427 
2027 1427 
2028 1427 
2029 1137 
2029 1644 
2030 537 
2030 605 
2030 1644 
2031 112 
2031 1670 
2032 1670 
2032 2031 
2033 491 
2034 111 
2034 491 
2035 491 
2036 868 
2036 2030 
2037 1342 
2037 2013 
2038 1029 
2039 1362 
2040 1362 
2041 944 
2042 494 
2043 576 
2044 576 
2045 847 
2045 2025 
2046 621 
2047 621 
2048 621 
2049 109 
2049 766 
2049 1829 
2050 334 
2050 1829 
2051 1829 
2052 1829 
2053 1829 
2054 952 
2054 1099 
2055 952 
2055 986 
2056 952 
2057 428 
2057 1038 
2057 1316 
2058 1038 
2059 1038 
2060 121 
2061 136 
2061 237 
2061 1689 
2061 2060 
2062 2060 
2063 500 
2063 517 
2063 518 
2063 868 
2064 900 
2064 2063 
2065 428 
2065 2063 
2066 496 
2066 587 
2067 451 
2068 237 
2068 451 
2068 466 
2069 121 
2069 451 
2070 451 
2071 451 
2072 451 
2073 534 
2074 534 
2075 10 
2075 90 
2075 150 
2075 253 
2075 795 
2075 1135 
2076 864 
2077 864 
2078 175 
2078 426 
2078 2074 
2079 426 
2080 426 
2081 2080 
2082 692 
2082 1729 
2083 692 
2084 692 
2085 692 
2085 1007 
2086 692 
2086 1678 
2087 609 
2087 692 
2088 692 
2089 692 
2090 692 
2091 1293 
2091 1340 
2091 1341 
2092 1340 
2093 1228 
2093 1334 
2093 1335 
2093 1340 
2094 518 
2094 2091 
2094 2093 
2095 518 
2095 2093 
2096 1585 
2097 121 
2098 90 
2098 121 
2099 228 
2099 1305 
2100 603 
2100 1383 
2100 1698 
2101 1383 
2102 1586 
2102 1679 
2103 2102 
2104 515 
2104 753 
2105 386 
2105 387 
2106 58 
2107 58 
2107 326 
2107 752 
2107 1934 
2108 58 
2108 1860 
2109 58 
2110 58 
2111 566 
2112 566 
2112 1008 
2113 1122 
2113 1131 
2113 1390 
2115 303 
2116 303 
2117 303 
2118 303 
2119 614 
2119 623 
2120 623 
2121 1959 
2122 771 
2122 1137 
2123 527 
2123 571 
2123 1137 
2124 1137 
2125 1137 
2126 498 
2127 2126 
2129 2128 
2130 111 
2131 111 
2132 111 
2133 111 
2133 1337 
2134 111 
2135 111 
2135 1004 
2135 1807 
2136 111 
2137 111 
2138 111 
2139 111 
2139 1231 
2140 111 
2141 111 
2142 111 
2143 111 
2144 111 
2144 695 
2145 111 
2146 111 
2146 922 
2147 111 
2148 111 
2149 111 
2150 111 
2151 111 
2152 111 
2153 111 
2154 111 
2155 111 
2156 111 
2157 111 
2157 1518 
2158 111 
2159 111 
2159 710 
2159 1401 
2159 1860 
2160 111 
2160 2159 
2161 111 
2162 826 
2163 826 
2164 826 
2165 1418 
2165 1423 
2167 2166 
2168 1104 
2168 1244 
2168 1344 
2169 1104 
2170 1104 
2170 2169 
2171 847 
2171 1798 
2172 847 
2173 857 
2174 25 
2174 857 
2175 858 
2176 10 
2176 396 
2176 578 
2177 44 
2177 578 
2177 903 
2177 921 
2177 1831 
2178 231 
2179 903 
2180 903 
2180 1046 
2181 903 
2182 1902 
2183 1090 
2184 1327 
2184 1328 
2185 1327 
2185 1328 
2186 1460 
2187 1963 
2188 2187 
2189 958 
2189 1032 
2191 910 
2191 1729 
2193 2192 
2194 699 
2194 1462 
2195 699 
2195 1671 
2195 1678 
2195 2086 
2195 2194 
2196 1132 
2196 1133 
2197 1132 
2198 150 
2198 1132 
2200 735 
2200 1611 
2200 1842 
2201 547 
2201 689 
2201 959 
2201 1241 
2201 1429 
2201 1919 
2203 14 
2203 1917 
2203 2202 
2204 1133 
2205 71 
2205 1122 
2205 1133 
2206 1417 
2206 1685 
2207 1685 
2207 1879 
2208 1685 
2209 1685 
2210 1685 
2211 1685 
2212 1685 
2213 1417 
2213 1685 
2213 2206 
2214 831 
2214 859 
2214 1722 
2215 1722 
2215 2207 
2216 1722 
2218 2217 
2219 432 
2219 796 
2219 1289 
2220 888 
2221 237 
2222 237 
2223 278 
2223 357 
2223 471 
2223 547 
2223 1377 
2223 1944 
2224 278 
2225 1233 
2225 2109 
2226 2225 
2227 2225 
2228 132 
2228 716 
2228 1587 
2229 1187 
2229 2228 
2230 1831 
2231 305 
2232 1182 
2232 1206 
2232 2228 
2233 2044 
2234 2044 
2234 2233 
2235 904 
2236 716 
2236 904 
2237 428 
2237 1050 
2238 428 
2239 921 
2240 921 
2240 1023 
2241 921 
2242 921 
2243 921 
2244 716 
2245 1701 
2245 2244 
2246 1648 
2247 1648 
2248 1648 
2249 1648 
2249 1649 
2250 136 
2250 736 
2251 335 
2251 736 
2252 9 
2252 143 
2252 240 
2252 1649 
2253 568 
2253 770 
2254 568 
2255 69 
2255 1834 
2256 69 
2256 2255 
2258 2257 
2259 2257 
2260 2257 
2261 2257 
2262 2257 
2263 254 
2263 581 
2263 2257 
2264 581 
2264 587 
2264 2263 
2266 2265 
2267 2266 
2268 285 
2268 525 
2270 2269 
2271 6 
2271 84 
2272 84 
2272 394 
2273 84 
2274 84 
2274 2015 
2275 827 
2276 827 
2277 854 
2278 854 
2279 1755 
2281 500 
2281 802 
2281 1510 
2281 1513 
2282 500 
2283 625 
2284 625 
2284 1277 
2286 2285 
2287 2285 
2288 115 
2288 710 
2288 784 
2288 1004 
2288 1401 
2288 1860 
2288 2216 
2289 115 
2290 112 
2291 112 
2291 1535 
2292 112 
2293 112 
2294 78 
2294 86 
2294 93 
2294 1411 
2295 242 
2295 1134 
2295 2178 
2296 868 
2296 874 
2297 261 
2299 694 
2300 694 
2301 694 
2302 953 
2302 1417 
2303 769 
2304 769 
2304 2303 
2305 63 
2305 1675 
2305 2303 
2306 2305 
2307 2305 
2308 2305 
2309 2305 
2310 2305 
2311 2305 
2312 243 
2313 243 
2314 710 
2314 784 
2314 1004 
2314 1401 
2314 1670 
2314 1860 
2314 2159 
2314 2288 
2315 2288 
2316 2288 
2317 2288 
2318 2288 
2319 1235 
2319 1330 
2319 1694 
2319 1696 
2320 438 
2320 1696 
2321 2073 
2321 2157 
2321 2186 
2322 501 
2323 501 
2323 769 
2324 885 
2324 2323 
2325 2323 
2326 39 
2327 840 
2327 1031 
2327 1399 
2327 2326 
2328 781 
2328 1005 
2328 1785 
2328 2236 
2329 1336 
2329 2168 
2330 539 
2330 2010 
2330 2329 
2331 40 
2332 40 
2334 2333 
2335 2333 
2336 2333 
2337 1057 
2337 1156 
2338 1709 
2339 180 
2339 431 
2339 446 
2340 852 
2340 1259 
2340 1591 
2341 447 
2341 2340 
2342 664 
2342 2340 
2343 1231 
2344 2159 
2345 2159 
2345 2160 
2346 2160 
2347 41 
2348 41 
2348 1120 
2349 41 
2350 41 
2351 41 
2352 41 
2353 41 
2354 307 
2354 2250 
2355 1518 
2356 1649 
2357 2356 
2358 246 
2359 60 
2359 326 
2359 2026 
2360 1419 
2361 103 
2362 1497 
2363 447 
2363 1542 
2364 417 
2365 2364 
2366 247 
2367 1501 
2368 1501 
2369 1501 
2370 1501 
2371 431 
2372 431 
2373 50 
2373 431 
2374 1050 
2374 1429 
2375 1305 
2376 1289 
2377 781 
2377 1626 
2378 1626 
2379 1626 
2380 517 
2381 128 
2382 128 
2383 128 
2384 128 
2385 128 
2385 1532 
2385 2034 
2386 128 
2387 128 
2388 128 
2389 128 
2390 128 
2391 128 
2392 128 
2393 128 
2394 128 
2396 737 
2398 1513 
2398 2397 
2399 2397 
2400 1101 
2400 1342 
2401 1342 
2402 1342 
2403 581 
2403 587 
2403 1178 
2403 2264 
2404 587 
2405 587 
2406 587 
2407 45 
2408 1876 
2409 1876 
2410 989 
2410 1350 
2411 984 
2412 2411 
2413 2411 
2414 2411 
2415 2411 
2416 1741 
2417 253 
2418 71 
2419 502 
2420 502 
2421 2195 
2422 875 
2423 1612 
2424 679 
2425 679 
2426 679 
2427 274 
2427 679 
2428 1151 
2428 1287 
2429 1151 
2429 1606 
2430 1151 
2431 1151 
2432 1151 
2433 1151 
2433 2432 
2434 1390 
2435 1010 
2435 1390 
2436 1390 
2437 1051 
2437 1390 
2437 2435 
2439 2438 
2440 2439 
2441 766 
2442 1050 
2443 1050 
2444 2374 
2445 1569 
2445 2131 
2445 2325 
2446 2082 
2448 2447 
2449 2447 
2450 1135 
2451 1135 
2452 1135 
2452 2056 
2453 1971 
2454 1851 
2454 1979 
2455 1979 
2456 1979 
2457 831 
2458 831 
2459 163 
2459 1504 
2460 695 
2460 759 
2460 761 
2460 1727 
2460 2231 
2461 695 
2462 695 
2463 695 
2464 695 
2465 695 
2466 1440 
2467 1440 
2468 2466 
2469 1843 
2470 200 
2470 1843 
2471 677 
2471 749 
2472 2471 
2473 1401 
2475 2474 
2476 2475 
2477 802 
2478 802 
2478 1631 
2479 802 
2480 802 
2481 802 
2482 1051 
2482 2253 
2482 2436 
2483 2460 
2484 2483 
2485 132 
2486 132 
2486 1543 
2487 20 
2487 1446 
2487 1781 
2487 1800 
2488 865 
2489 1217 
2489 1601 
2491 2490 
2492 1354 
2493 897 
2494 897 
2494 1287 
2495 521 
2496 2495 
2497 916 
2498 916 
2498 2497 
2499 750 
2500 148 
2500 750 
2501 750 
2502 1698 
2502 1996 
2503 294 
2503 933 
2503 1698 
2504 1698 
2505 1698 
2506 2382 
2507 2506 
2508 136 
2508 848 
2509 1197 
2511 2510 
2512 2510 
2513 2510 
2514 1249 
2515 1198 
2515 1262 
2516 849 
2516 2176 
2517 2171 
2517 2172 
2518 1335 
2519 626 
2520 87 
2520 145 
2521 87 
2522 658 
2523 784 
2523 1860 
2523 2344 
2523 2345 
2524 138 
2525 581 
2526 2499 
2527 538 
2529 94 
2529 2528 
2531 1536 
2532 1921 
2532 2091 
2533 769 
2533 1056 
2533 1675 
2534 2173 
2537 2235 
2538 2235 
2541 335 
2542 1004 
2543 1004 
2544 1004 
2544 2344 
2545 1004 
2546 1004 
2547 432 
2548 142 
2549 143 
2549 1861 
2550 5 
2551 2550 
2552 317 
2553 317 
2554 2255 
2555 2255 
2556 199 
2556 1201 
2558 2557 
2559 768 
2560 768 
2562 2561 
2563 606 
2563 1492 
2565 2564 
2566 2564 
2567 2565 
2568 417 
2569 739 
2570 739 
2570 2454 
2571 1158 
2571 2497 
2573 556 
2574 2250 
2575 835 
2576 518 
2576 2091 
2577 2113 
2578 1122 
2578 2113 
2579 18 
2579 2520 
2580 2520 
2581 265 
2582 146 
2582 918 
2582 1473 
2582 1662 
2583 2582 
2584 1795 
2585 331 
2585 1982 
2585 1983 
2586 1980 
2587 1290 
2588 986 
2588 2342 
2589 1336 
2589 2168 
2590 1336 
2590 2168 
2591 1336 
2591 2168 
2592 1336 
2592 2168 
2593 2500 
2595 2594 
2596 769 
2597 752 
2598 752 
2599 752 
2600 685 
2601 685 
2603 453 
2605 1385 
2605 1386 
2606 1153 
2606 1385 
2608 2607 
2610 2609 
2611 2610 
2612 672 
2613 406 
2614 2542 
2615 2614 
2616 2614 
2616 2615 
2617 2615 
2618 1864 
2619 150 
2620 1756 
2621 540 
2622 673 
2624 1122 
2624 1851 
2624 2342 
2624 2444 
2625 1881 
2626 1881 
2627 2477 
2629 2628 
2630 740 
2630 2324 
2632 2631 
2633 925 
2633 1857 
2634 2009 
2635 2055 
2635 2487 
2636 2487 
2637 1869 
2638 1869 
2638 2637 
2639 2637 
2639 2638 
2640 2637 
2640 2638 
2641 2172 
2641 2517 
2642 63 
2643 1301 
2644 2061 
2645 2061 
2647 2646 
2649 2377 
2650 326 
2651 326 
2652 326 
2653 1046 
2653 1566 
2653 2180 
2654 1046 
2655 1046 
2656 344 
2657 320 
2657 1218 
2657 2583 
2658 320 
2659 320 
2659 321 
2659 2553 
2660 770 
2661 1007 
2661 1011 
2662 2657 
2663 318 
2663 2657 
2665 2664 
2666 2664 
2667 2665 
2667 2666 
2668 9 
2669 2345 
2669 2523 
2670 848 
2671 848 
2672 848 
2673 10 
2674 10 
2678 2677 
2679 2677 
2681 2680 
2682 1863 
2683 94 
2683 472 
2684 94 
2684 472 
2685 1255 
2687 2017 
2688 1009 
2689 1503 
2690 1672 
2691 1672 
2693 2692 
2694 2692 
2695 2692 
2696 2385 
2697 1762 
2699 2218 
2700 2218 
2701 664 
2701 674 
2702 664 
2703 664 
2705 2704 
2706 1951 
2706 2178 
2708 2707 
2709 1837 
2710 1952 
2711 1717 
2713 1850 
2713 1907 
2714 2169 
2715 2176 
2716 1851 
2716 2468 
2716 2570 
2717 1506 
2718 1052 
2719 1052 
2721 2720 
2722 2721 
2723 2450 
2723 2711 
2724 2723 
2725 1111 
2725 2098 
2725 2723 
2726 2723 
2727 2723 
2728 2723 
2729 480 
2731 710 
2732 710 
2733 2327 
2734 606 
2735 606 
2735 2734 
2736 2445 
2737 2445 
2738 2445 
2739 2736 
2741 2740 
2742 607 
2743 1571 
2744 2743 
2745 507 
2746 1670 
2747 1040 
2748 321 
2748 322 
2749 1268 
2749 2319 
2750 1730 
2751 1999 
2751 2200 
2752 2200 
2754 1638 
2755 1638 
2757 1784 
2758 1857 
2759 1857 
2760 1857 
2762 509 
2764 2763 
2765 2763 
2767 2424 
2769 2768 
2770 1141 
2770 2096 
2771 2770 
2772 544 
2772 546 
2773 168 
2774 1754 
2775 1754 
2777 2776 
2778 2776 
2779 1873 
2779 2776 
2780 2777 
2780 2779 
2781 2206 
2781 2302 
2782 2302 
2783 2302 
2784 1259 
2785 2784 
2787 2786 
2788 545 
2788 2330 
2790 2345 
2792 2791 
2794 771 
2797 2796 
2798 1014 
2799 1014 
2800 1014 
2802 584 
2802 2801 
2803 2802 
2804 1718 
2805 1606 
2805 2430 
2806 2805 
2807 845 
2808 1100 
2809 2567 
2810 2567 
2812 2376 
2813 2376 
2814 1141 
2815 1141 
2817 2816 
2819 2818 
2820 2818 
2821 2818 
2824 2823 
2826 2825 
2827 2826 
2828 1193 
2829 757 
2831 2036 
2832 2036 
2832 2831 
2834 2833 
2835 2184 
2835 2630 
2836 2788 
2838 2837 
2840 2839 
2841 2683 
2843 1701 
2843 2245 
2844 1022 
2844 2038 
2845 2459 
2846 2459 
2846 2716 
2847 2803 
2848 1017 
2848 2660 
2849 2497 
2850 2497 
2852 2701 
2853 2529 
2854 711 
2854 2226 
2855 358 
2857 2856 
2858 322 
2860 2859 
2861 2859 
2865 2864 
2867 2866 
2868 2866 
2869 2867 
2870 2867 
2872 2871 
2873 547 
2875 2874 
2877 2876 
2878 2876 
2880 1785 
2882 1606 
2882 2430 
2885 1757 
2885 2884 
2886 2486 
2887 2292 
2889 2888 
2891 2571 
2892 179 
2894 2893 
2895 180 
2896 180 
2896 2339 
2897 180 
2897 1182 
2897 2339 
2897 2410 
2897 2896 
2904 885 
2905 885 
2906 2904 
2908 2907 
2909 50 
2911 2910 
2912 127 
2914 2913 
2915 648 
2917 2794 
2919 846 
2920 2919 
2923 2922 
2924 1864 
2925 1942 
2927 2926 
2929 2928 
2930 2056 
2931 2452 
2932 2758 
2933 1041 
2934 1773 
2936 1786 
2937 458 
2938 98 
2939 729 
2940 729 
2942 2941 
2944 2943 
2946 2370 
2947 2370 
2949 2948 
2951 2950 
2953 2952 
2955 2954 
2956 2219 
2957 1973 
2958 440 
2959 187 
2960 65 
2960 1983 
2961 2092 
2964 2119 
2965 2600 
2966 698 
2967 1907 
2969 1631 
2971 615 
2971 2175 
2973 2361 
2973 2972 
2974 2957 
2975 2914 
2977 2976 
2978 2977 
2979 1559 
2981 2980 
2982 1364 
2983 562 
2984 2127 
2986 2299 
2988 2403 
2990 2853 
2992 2991 
2993 1999 
2995 2994 
2998 2997 
2999 368 
3001 2775 
3004 3003 
3006 1713 
3007 1788 
3007 1791 
3008 1606 
3010 1508 
3010 3009 
3011 23 
3013 3012 
3015 3014 
3016 3014 
3019 3018 
3020 3019 
3021 1269 
3023 667 
3025 1078 
3026 1449 
3027 2174 
3030 2563 
3030 3029 
3032 3031 
3033 2198 
3034 2498 
3036 1527 
3038 2361 
3040 2697 
3041 2617 
3043 3042 
3046 2361 
3047 1450 
3049 1983 
3050 2750 
3051 2750 
3053 3052 
3055 3054 
3056 2979 
3057 2979 
3060 3059 
3061 3060 
3065 3064 
3067 2909 
3070 1275 
3071 204 
3073 3072 
3074 3072 
3076 980 
3077 2912 
3079 3078 
3080 2256 
3085 2620 
3087 2481 
3092 3091 
3094 3093 
3096 3095 
3097 26 
3099 3098 
3101 3100 
3102 820 
3104 1748 
3107 3106 
3108 3106 
3112 3111 
3113 2924 
3119 3118 
3132 1037 
